posFile,posFileTest,posFileTestNew,stimFile,stimFileNew,cs_neg_s,cs_pos_s,cs_neg_ns,cs_pos_ns,cs_neg_s_new,cs_pos_s_new,cs_neg_ns_new,cs_pos_ns_new,stim,position,position1,stim1,position2,stim2,position3,stim3,position4,stim4,blocks.thisRepN,blocks.thisTrialN,blocks.thisN,blocks.thisIndex,ratingtrials1.thisRepN,ratingtrials1.thisTrialN,ratingtrials1.thisN,ratingtrials1.thisIndex,search_task_trials.thisRepN,search_task_trials.thisTrialN,search_task_trials.thisN,search_task_trials.thisIndex,learning_trials.thisRepN,learning_trials.thisTrialN,learning_trials.thisN,learning_trials.thisIndex,trials.thisRepN,trials.thisTrialN,trials.thisN,trials.thisIndex,ratingtrials2.thisRepN,ratingtrials2.thisTrialN,ratingtrials2.thisN,ratingtrials2.thisIndex,testtrials.thisRepN,testtrials.thisTrialN,testtrials.thisN,testtrials.thisIndex,loop_test.thisRepN,loop_test.thisTrialN,loop_test.thisN,loop_test.thisIndex,testtrials_novelty.thisRepN,testtrials_novelty.thisTrialN,testtrials_novelty.thisN,testtrials_novelty.thisIndex,loop_test_novelty.thisRepN,loop_test_novelty.thisTrialN,loop_test_novelty.thisN,loop_test_novelty.thisIndex,ratingtrials3.thisRepN,ratingtrials3.thisTrialN,ratingtrials3.thisN,ratingtrials3.thisIndex,textStart.started,textStartExp.started,imageRating.started,sliderStim.response,sliderStim.rt,textStartSearch.started,target_positions,distractor_positions,textStartTask.started,image.started,score,outcome,roi.numLooks,roi.timesOn,roi.timesOff,imageFeedback.started,textTestInstr.started,test_image1.started,test_image2.started,test_image3.started,test_image4.started,test_roi1.numLooks,test_roi1.timesOn,test_roi1.timesOff,test_roi2.numLooks,test_roi2.timesOn,test_roi2.timesOff,test_roi3.numLooks,test_roi3.timesOn,test_roi3.timesOff,test_roi4.numLooks,test_roi4.timesOn,test_roi4.timesOff,test_image_feedback1.started,test_image_feedback2.started,test_iamge_feedback3.started,test_iamge_feedback4.started,participant,group,date,expName,psychopyVersion,frameRate,
positions.xlsx,positions_test.xlsx,positions_test_new.xlsx,stimuli.xlsx,stimuli_new.xlsx,stimuli/Social3.png,stimuli/Social4.png,stimuli/Nonsocial3.png,stimuli/Nonsocial4.png,stimuli/Social1.png,stimuli/Social2.png,stimuli/Nonsocial1.png,stimuli/Nonsocial2.png,cs_neg_ns,,,,,,,,,,0,0,0,0,0,0,0,1,,,,,,,,,,,,,,,,,,,,,,,,,,,,,,,,,,,,,15.820603100117296,128.26500010024756,138.2587799001485,6.0,5.985524899791926,,,,,,,,,,,,,,,,,,,,,,,,,,,,,,,,,11,C,2024-04-19_11h15.57.675,attentional_competition_task,2022.2.4,143.99884794680085,
positions.xlsx,positions_test.xlsx,positions_test_new.xlsx,stimuli.xlsx,stimuli_new.xlsx,stimuli/Social3.png,stimuli/Social4.png,stimuli/Nonsocial3.png,stimuli/Nonsocial4.png,stimuli/Social1.png,stimuli/Social2.png,stimuli/Nonsocial1.png,stimuli/Nonsocial2.png,cs_pos_ns,,,,,,,,,,0,0,0,0,0,1,1,3,,,,,,,,,,,,,,,,,,,,,,,,,,,,,,,,,,,,,,,145.30016870005056,8.0,2.105210999958217,,,,,,,,,,,,,,,,,,,,,,,,,,,,,,,,,11,C,2024-04-19_11h15.57.675,attentional_competition_task,2022.2.4,143.99884794680085,
positions.xlsx,positions_test.xlsx,positions_test_new.xlsx,stimuli.xlsx,stimuli_new.xlsx,stimuli/Social3.png,stimuli/Social4.png,stimuli/Nonsocial3.png,stimuli/Nonsocial4.png,stimuli/Social1.png,stimuli/Social2.png,stimuli/Nonsocial1.png,stimuli/Nonsocial2.png,cs_neg_s,,,,,,,,,,0,0,0,0,0,2,2,0,,,,,,,,,,,,,,,,,,,,,,,,,,,,,,,,,,,,,,,148.61255900003016,7.0,3.4603846999816597,,,,,,,,,,,,,,,,,,,,,,,,,,,,,,,,,11,C,2024-04-19_11h15.57.675,attentional_competition_task,2022.2.4,143.99884794680085,
positions.xlsx,positions_test.xlsx,positions_test_new.xlsx,stimuli.xlsx,stimuli_new.xlsx,stimuli/Social3.png,stimuli/Social4.png,stimuli/Nonsocial3.png,stimuli/Nonsocial4.png,stimuli/Social1.png,stimuli/Social2.png,stimuli/Nonsocial1.png,stimuli/Nonsocial2.png,cs_pos_s,,,,,,,,,,0,0,0,0,0,3,3,2,,,,,,,,,,,,,,,,,,,,,,,,,,,,,,,,,,,,,,,153.09150730026886,5.0,2.0853059999644756,,,,,,,,,,,,,,,,,,,,,,,,,,,,,,,,,11,C,2024-04-19_11h15.57.675,attentional_competition_task,2022.2.4,143.99884794680085,
positions.xlsx,positions_test.xlsx,positions_test_new.xlsx,stimuli.xlsx,stimuli_new.xlsx,stimuli/Social3.png,stimuli/Social4.png,stimuli/Nonsocial3.png,stimuli/Nonsocial4.png,stimuli/Social1.png,stimuli/Social2.png,stimuli/Nonsocial1.png,stimuli/Nonsocial2.png,,,,,,,,,,,0,0,0,0,,,,,0,0,0,0,,,,,,,,,,,,,,,,,,,,,,,,,,,,,,,,,,,,,,155.709443599917,"[[0.9, -0.30000000000000004], [0.6749999999999999, -0.8], [-0.22499999999999998, -0.30000000000000004], [-0.22499999999999998, 0.7], [0.0, -0.8], [-0.675, 0.7], [0.9, 0.19999999999999996], [0.6749999999999999, -0.30000000000000004], [0.9, 0.7], [0.22499999999999998, -0.8], [0.45000000000000007, 0.7], [0.22499999999999998, 0.7], [-0.45, 0.7], [-0.9, -0.30000000000000004], [0.45000000000000007, -0.8]]","[[0.9, -0.8], [-0.9, -0.8], [0.22499999999999998, 0.19999999999999996], [-0.9, 0.19999999999999996], [-0.22499999999999998, -0.8], [-0.45, -0.30000000000000004], [0.6749999999999999, 0.19999999999999996], [0.0, 0.7], [-0.45, 0.19999999999999996], [0.45000000000000007, 0.19999999999999996], [0.6749999999999999, 0.7], [0.0, 0.19999999999999996], [-0.45, -0.8], [-0.675, -0.8], [0.22499999999999998, -0.30000000000000004]]",,,,,,,,,,,,,,,,,,,,,,,,,,,,,,11,C,2024-04-19_11h15.57.675,attentional_competition_task,2022.2.4,143.99884794680085,
positions.xlsx,positions_test.xlsx,positions_test_new.xlsx,stimuli.xlsx,stimuli_new.xlsx,stimuli/Social3.png,stimuli/Social4.png,stimuli/Nonsocial3.png,stimuli/Nonsocial4.png,stimuli/Social1.png,stimuli/Social2.png,stimuli/Nonsocial1.png,stimuli/Nonsocial2.png,,,,,,,,,,,0,0,0,0,,,,,1,0,1,0,,,,,,,,,,,,,,,,,,,,,,,,,,,,,,,,,,,,,,,"[[0.0, -0.8], [0.0, 0.19999999999999996], [0.6749999999999999, 0.7], [0.6749999999999999, -0.30000000000000004], [0.22499999999999998, -0.30000000000000004], [-0.45, -0.8], [0.45000000000000007, -0.8], [-0.9, 0.19999999999999996], [-0.45, -0.30000000000000004], [0.22499999999999998, 0.7], [0.9, -0.30000000000000004], [0.9, -0.8], [0.22499999999999998, 0.19999999999999996], [-0.22499999999999998, 0.7], [0.45000000000000007, 0.19999999999999996]]","[[-0.45, 0.19999999999999996], [0.9, 0.19999999999999996], [-0.675, -0.8], [-0.675, 0.7], [-0.22499999999999998, -0.8], [0.6749999999999999, 0.19999999999999996], [-0.45, 0.7], [0.22499999999999998, -0.8], [-0.9, -0.30000000000000004], [0.45000000000000007, 0.7], [-0.22499999999999998, -0.30000000000000004], [0.0, -0.30000000000000004], [-0.9, -0.8], [-0.675, 0.19999999999999996], [-0.675, -0.30000000000000004]]",,,,,,,,,,,,,,,,,,,,,,,,,,,,,,11,C,2024-04-19_11h15.57.675,attentional_competition_task,2022.2.4,143.99884794680085,
positions.xlsx,positions_test.xlsx,positions_test_new.xlsx,stimuli.xlsx,stimuli_new.xlsx,stimuli/Social3.png,stimuli/Social4.png,stimuli/Nonsocial3.png,stimuli/Nonsocial4.png,stimuli/Social1.png,stimuli/Social2.png,stimuli/Nonsocial1.png,stimuli/Nonsocial2.png,cs_pos_ns,"(0.7, -0.5)",,,,,,,,,0,0,0,0,,,,,,,,,0,0,0,15,,,,,,,,,,,,,,,,,,,,,,,,,,,,,,,,,,,,,234.02569600008428,257.8302891002968,3,reward,1,0.18092910014092922,0.18093399982899427,258.0178120001219,,,,,,,,,,,,,,,,,,,,,,11,C,2024-04-19_11h15.57.675,attentional_competition_task,2022.2.4,143.99884794680085,
positions.xlsx,positions_test.xlsx,positions_test_new.xlsx,stimuli.xlsx,stimuli_new.xlsx,stimuli/Social3.png,stimuli/Social4.png,stimuli/Nonsocial3.png,stimuli/Nonsocial4.png,stimuli/Social1.png,stimuli/Social2.png,stimuli/Nonsocial1.png,stimuli/Nonsocial2.png,cs_pos_s,"(-0.7, 0.5)",,,,,,,,,0,0,0,0,,,,,,,,,0,1,1,4,,,,,,,,,,,,,,,,,,,,,,,,,,,,,,,,,,,,,,265.76744120009243,6,reward,1,0.3753700996749103,0.3753744997084141,266.14942080015317,,,,,,,,,,,,,,,,,,,,,,11,C,2024-04-19_11h15.57.675,attentional_competition_task,2022.2.4,143.99884794680085,
positions.xlsx,positions_test.xlsx,positions_test_new.xlsx,stimuli.xlsx,stimuli_new.xlsx,stimuli/Social3.png,stimuli/Social4.png,stimuli/Nonsocial3.png,stimuli/Nonsocial4.png,stimuli/Social1.png,stimuli/Social2.png,stimuli/Nonsocial1.png,stimuli/Nonsocial2.png,cs_neg_s,"(-0.7, -0.5)",,,,,,,,,0,0,0,0,,,,,,,,,0,2,2,1,,,,,,,,,,,,,,,,,,,,,,,,,,,,,,,,,,,,,,274.56573829986155,3,loss,1,0.2366057001054287,0.23661010013893247,274.80881540011615,,,,,,,,,,,,,,,,,,,,,,11,C,2024-04-19_11h15.57.675,attentional_competition_task,2022.2.4,143.99884794680085,
positions.xlsx,positions_test.xlsx,positions_test_new.xlsx,stimuli.xlsx,stimuli_new.xlsx,stimuli/Social3.png,stimuli/Social4.png,stimuli/Nonsocial3.png,stimuli/Nonsocial4.png,stimuli/Social1.png,stimuli/Social2.png,stimuli/Nonsocial1.png,stimuli/Nonsocial2.png,cs_neg_s,"(0.7, 0.5)",,,,,,,,,0,0,0,0,,,,,,,,,0,3,3,2,,,,,,,,,,,,,,,,,,,,,,,,,,,,,,,,,,,,,,282.26686079986393,0,loss,1,0.18105969997122884,0.18106440035626292,282.4543158002198,,,,,,,,,,,,,,,,,,,,,,11,C,2024-04-19_11h15.57.675,attentional_competition_task,2022.2.4,143.99884794680085,
positions.xlsx,positions_test.xlsx,positions_test_new.xlsx,stimuli.xlsx,stimuli_new.xlsx,stimuli/Social3.png,stimuli/Social4.png,stimuli/Nonsocial3.png,stimuli/Nonsocial4.png,stimuli/Social1.png,stimuli/Social2.png,stimuli/Nonsocial1.png,stimuli/Nonsocial2.png,cs_neg_ns,"(-0.7, 0.5)",,,,,,,,,0,0,0,0,,,,,,,,,0,4,4,8,,,,,,,,,,,,,,,,,,,,,,,,,,,,,,,,,,,,,,289.55124989990145,-3,loss,1,0.5000390997156501,0.5000433996319771,290.05814679991454,,,,,,,,,,,,,,,,,,,,,,11,C,2024-04-19_11h15.57.675,attentional_competition_task,2022.2.4,143.99884794680085,
positions.xlsx,positions_test.xlsx,positions_test_new.xlsx,stimuli.xlsx,stimuli_new.xlsx,stimuli/Social3.png,stimuli/Social4.png,stimuli/Nonsocial3.png,stimuli/Nonsocial4.png,stimuli/Social1.png,stimuli/Social2.png,stimuli/Nonsocial1.png,stimuli/Nonsocial2.png,cs_pos_s,"(0.7, -0.5)",,,,,,,,,0,0,0,0,,,,,,,,,0,5,5,7,,,,,,,,,,,,,,,,,,,,,,,,,,,,,,,,,,,,,,297.59952779999,0,reward,1,0.3754219999536872,0.3754270998761058,297.98139030020684,,,,,,,,,,,,,,,,,,,,,,11,C,2024-04-19_11h15.57.675,attentional_competition_task,2022.2.4,143.99884794680085,
positions.xlsx,positions_test.xlsx,positions_test_new.xlsx,stimuli.xlsx,stimuli_new.xlsx,stimuli/Social3.png,stimuli/Social4.png,stimuli/Nonsocial3.png,stimuli/Nonsocial4.png,stimuli/Social1.png,stimuli/Social2.png,stimuli/Nonsocial1.png,stimuli/Nonsocial2.png,cs_neg_s,"(-0.7, 0.5)",,,,,,,,,0,0,0,0,,,,,,,,,0,6,6,0,,,,,,,,,,,,,,,,,,,,,,,,,,,,,,,,,,,,,,305.4741549999453,-3,loss,1,0.8682713001035154,0.8682761997915804,306.3492008000612,,,,,,,,,,,,,,,,,,,,,,11,C,2024-04-19_11h15.57.675,attentional_competition_task,2022.2.4,143.99884794680085,
positions.xlsx,positions_test.xlsx,positions_test_new.xlsx,stimuli.xlsx,stimuli_new.xlsx,stimuli/Social3.png,stimuli/Social4.png,stimuli/Nonsocial3.png,stimuli/Nonsocial4.png,stimuli/Social1.png,stimuli/Social2.png,stimuli/Nonsocial1.png,stimuli/Nonsocial2.png,cs_neg_ns,"(0.7, 0.5)",,,,,,,,,0,0,0,0,,,,,,,,,0,7,7,10,,,,,,,,,,,,,,,,,,,,,,,,,,,,,,,,,,,,,,313.7794452002272,-6,loss,1,0.5206786999478936,0.5206830999813974,314.30715540004894,,,,,,,,,,,,,,,,,,,,,,11,C,2024-04-19_11h15.57.675,attentional_competition_task,2022.2.4,143.99884794680085,
positions.xlsx,positions_test.xlsx,positions_test_new.xlsx,stimuli.xlsx,stimuli_new.xlsx,stimuli/Social3.png,stimuli/Social4.png,stimuli/Nonsocial3.png,stimuli/Nonsocial4.png,stimuli/Social1.png,stimuli/Social2.png,stimuli/Nonsocial1.png,stimuli/Nonsocial2.png,cs_neg_ns,"(-0.7, -0.5)",,,,,,,,,0,0,0,0,,,,,,,,,0,8,8,9,,,,,,,,,,,,,,,,,,,,,,,,,,,,,,,,,,,,,,322.4387892000377,-9,loss,1,0.5558158997446299,0.5558201996609569,323.00132150016725,,,,,,,,,,,,,,,,,,,,,,11,C,2024-04-19_11h15.57.675,attentional_competition_task,2022.2.4,143.99884794680085,
positions.xlsx,positions_test.xlsx,positions_test_new.xlsx,stimuli.xlsx,stimuli_new.xlsx,stimuli/Social3.png,stimuli/Social4.png,stimuli/Nonsocial3.png,stimuli/Nonsocial4.png,stimuli/Social1.png,stimuli/Social2.png,stimuli/Nonsocial1.png,stimuli/Nonsocial2.png,cs_pos_s,"(0.7, 0.5)",,,,,,,,,0,0,0,0,,,,,,,,,0,9,9,6,,,,,,,,,,,,,,,,,,,,,,,,,,,,,,,,,,,,,,330.13989030011,-6,reward,1,0.6735579003579915,0.6735626999288797,330.82044310029596,,,,,,,,,,,,,,,,,,,,,,11,C,2024-04-19_11h15.57.675,attentional_competition_task,2022.2.4,143.99884794680085,
positions.xlsx,positions_test.xlsx,positions_test_new.xlsx,stimuli.xlsx,stimuli_new.xlsx,stimuli/Social3.png,stimuli/Social4.png,stimuli/Nonsocial3.png,stimuli/Nonsocial4.png,stimuli/Social1.png,stimuli/Social2.png,stimuli/Nonsocial1.png,stimuli/Nonsocial2.png,cs_neg_s,"(0.7, -0.5)",,,,,,,,,0,0,0,0,,,,,,,,,0,10,10,3,,,,,,,,,,,,,,,,,,,,,,,,,,,,,,,,,,,,,,338.8756707999855,-6,none,0,,,341.88242299994454,,,,,,,,,,,,,,,,,,,,,,11,C,2024-04-19_11h15.57.675,attentional_competition_task,2022.2.4,143.99884794680085,
positions.xlsx,positions_test.xlsx,positions_test_new.xlsx,stimuli.xlsx,stimuli_new.xlsx,stimuli/Social3.png,stimuli/Social4.png,stimuli/Nonsocial3.png,stimuli/Nonsocial4.png,stimuli/Social1.png,stimuli/Social2.png,stimuli/Nonsocial1.png,stimuli/Nonsocial2.png,cs_pos_ns,"(0.7, 0.5)",,,,,,,,,0,0,0,0,,,,,,,,,0,11,11,14,,,,,,,,,,,,,,,,,,,,,,,,,,,,,,,,,,,,,,349.8127135001123,-3,reward,1,0.48658830020576715,0.4865929000079632,350.3057641000487,,,,,,,,,,,,,,,,,,,,,,11,C,2024-04-19_11h15.57.675,attentional_competition_task,2022.2.4,143.99884794680085,
positions.xlsx,positions_test.xlsx,positions_test_new.xlsx,stimuli.xlsx,stimuli_new.xlsx,stimuli/Social3.png,stimuli/Social4.png,stimuli/Nonsocial3.png,stimuli/Nonsocial4.png,stimuli/Social1.png,stimuli/Social2.png,stimuli/Nonsocial1.png,stimuli/Nonsocial2.png,cs_pos_ns,"(-0.7, 0.5)",,,,,,,,,0,0,0,0,,,,,,,,,0,12,12,12,,,,,,,,,,,,,,,,,,,,,,,,,,,,,,,,,,,,,,357.81234980002046,0,reward,1,0.9031477002426982,0.9101839000359178,358.7289817999117,,,,,,,,,,,,,,,,,,,,,,11,C,2024-04-19_11h15.57.675,attentional_competition_task,2022.2.4,143.99884794680085,
positions.xlsx,positions_test.xlsx,positions_test_new.xlsx,stimuli.xlsx,stimuli_new.xlsx,stimuli/Social3.png,stimuli/Social4.png,stimuli/Nonsocial3.png,stimuli/Nonsocial4.png,stimuli/Social1.png,stimuli/Social2.png,stimuli/Nonsocial1.png,stimuli/Nonsocial2.png,cs_pos_ns,"(-0.7, -0.5)",,,,,,,,,0,0,0,0,,,,,,,,,0,13,13,13,,,,,,,,,,,,,,,,,,,,,,,,,,,,,,,,,,,,,,366.5619669002481,3,reward,1,0.18788770027458668,0.18789200019091368,366.756414799951,,,,,,,,,,,,,,,,,,,,,,11,C,2024-04-19_11h15.57.675,attentional_competition_task,2022.2.4,143.99884794680085,
positions.xlsx,positions_test.xlsx,positions_test_new.xlsx,stimuli.xlsx,stimuli_new.xlsx,stimuli/Social3.png,stimuli/Social4.png,stimuli/Nonsocial3.png,stimuli/Nonsocial4.png,stimuli/Social1.png,stimuli/Social2.png,stimuli/Nonsocial1.png,stimuli/Nonsocial2.png,cs_neg_ns,"(0.7, -0.5)",,,,,,,,,0,0,0,0,,,,,,,,,0,14,14,11,,,,,,,,,,,,,,,,,,,,,,,,,,,,,,,,,,,,,,374.68665509996936,0,loss,1,0.9654498999007046,0.9654541001655161,375.6588532002643,,,,,,,,,,,,,,,,,,,,,,11,C,2024-04-19_11h15.57.675,attentional_competition_task,2022.2.4,143.99884794680085,
positions.xlsx,positions_test.xlsx,positions_test_new.xlsx,stimuli.xlsx,stimuli_new.xlsx,stimuli/Social3.png,stimuli/Social4.png,stimuli/Nonsocial3.png,stimuli/Nonsocial4.png,stimuli/Social1.png,stimuli/Social2.png,stimuli/Nonsocial1.png,stimuli/Nonsocial2.png,cs_pos_s,"(-0.7, -0.5)",,,,,,,,,0,0,0,0,,,,,,,,,0,15,15,5,,,,,,,,,,,,,,,,,,,,,,,,,,,,,,,,,,,,,,383.06823839992285,3,reward,1,0.6740502002649009,0.6740546002984047,383.74880280019715,,,,,,,,,,,,,,,,,,,,,,11,C,2024-04-19_11h15.57.675,attentional_competition_task,2022.2.4,143.99884794680085,
positions.xlsx,positions_test.xlsx,positions_test_new.xlsx,stimuli.xlsx,stimuli_new.xlsx,stimuli/Social3.png,stimuli/Social4.png,stimuli/Nonsocial3.png,stimuli/Nonsocial4.png,stimuli/Social1.png,stimuli/Social2.png,stimuli/Nonsocial1.png,stimuli/Nonsocial2.png,cs_neg_s,"(0.7, -0.5)",,,,,,,,,0,0,0,0,,,,,,,,,1,0,16,3,,,,,,,,,,,,,,,,,,,,,,,,,,,,,,,,,,,,,,391.68596460018307,3,none,0,,,394.69970580004156,,,,,,,,,,,,,,,,,,,,,,11,C,2024-04-19_11h15.57.675,attentional_competition_task,2022.2.4,143.99884794680085,
positions.xlsx,positions_test.xlsx,positions_test_new.xlsx,stimuli.xlsx,stimuli_new.xlsx,stimuli/Social3.png,stimuli/Social4.png,stimuli/Nonsocial3.png,stimuli/Nonsocial4.png,stimuli/Social1.png,stimuli/Social2.png,stimuli/Nonsocial1.png,stimuli/Nonsocial2.png,cs_neg_ns,"(0.7, -0.5)",,,,,,,,,0,0,0,0,,,,,,,,,1,1,17,11,,,,,,,,,,,,,,,,,,,,,,,,,,,,,,,,,,,,,,401.65778440004215,3,none,0,,,404.6715738000348,,,,,,,,,,,,,,,,,,,,,,11,C,2024-04-19_11h15.57.675,attentional_competition_task,2022.2.4,143.99884794680085,
positions.xlsx,positions_test.xlsx,positions_test_new.xlsx,stimuli.xlsx,stimuli_new.xlsx,stimuli/Social3.png,stimuli/Social4.png,stimuli/Nonsocial3.png,stimuli/Nonsocial4.png,stimuli/Social1.png,stimuli/Social2.png,stimuli/Nonsocial1.png,stimuli/Nonsocial2.png,cs_neg_ns,"(-0.7, -0.5)",,,,,,,,,0,0,0,0,,,,,,,,,1,2,18,9,,,,,,,,,,,,,,,,,,,,,,,,,,,,,,,,,,,,,,412.59485210012645,0,loss,1,0.22944869985803962,0.22945349989458919,412.8309692000039,,,,,,,,,,,,,,,,,,,,,,11,C,2024-04-19_11h15.57.675,attentional_competition_task,2022.2.4,143.99884794680085,
positions.xlsx,positions_test.xlsx,positions_test_new.xlsx,stimuli.xlsx,stimuli_new.xlsx,stimuli/Social3.png,stimuli/Social4.png,stimuli/Nonsocial3.png,stimuli/Nonsocial4.png,stimuli/Social1.png,stimuli/Social2.png,stimuli/Nonsocial1.png,stimuli/Nonsocial2.png,cs_pos_s,"(0.7, 0.5)",,,,,,,,,0,0,0,0,,,,,,,,,1,3,19,6,,,,,,,,,,,,,,,,,,,,,,,,,,,,,,,,,,,,,,420.4973391001113,3,reward,1,0.6249129003845155,0.624917299952358,421.12927999999374,,,,,,,,,,,,,,,,,,,,,,11,C,2024-04-19_11h15.57.675,attentional_competition_task,2022.2.4,143.99884794680085,
positions.xlsx,positions_test.xlsx,positions_test_new.xlsx,stimuli.xlsx,stimuli_new.xlsx,stimuli/Social3.png,stimuli/Social4.png,stimuli/Nonsocial3.png,stimuli/Nonsocial4.png,stimuli/Social1.png,stimuli/Social2.png,stimuli/Nonsocial1.png,stimuli/Nonsocial2.png,cs_neg_ns,"(0.7, 0.5)",,,,,,,,,0,0,0,0,,,,,,,,,1,4,20,10,,,,,,,,,,,,,,,,,,,,,,,,,,,,,,,,,,,,,,428.67754800012335,3,none,0,,,431.69128709984943,,,,,,,,,,,,,,,,,,,,,,11,C,2024-04-19_11h15.57.675,attentional_competition_task,2022.2.4,143.99884794680085,
positions.xlsx,positions_test.xlsx,positions_test_new.xlsx,stimuli.xlsx,stimuli_new.xlsx,stimuli/Social3.png,stimuli/Social4.png,stimuli/Nonsocial3.png,stimuli/Nonsocial4.png,stimuli/Social1.png,stimuli/Social2.png,stimuli/Nonsocial1.png,stimuli/Nonsocial2.png,cs_pos_ns,"(0.7, 0.5)",,,,,,,,,0,0,0,0,,,,,,,,,1,5,21,14,,,,,,,,,,,,,,,,,,,,,,,,,,,,,,,,,,,,,,439.95488939993083,6,reward,1,1.0004308996722102,1.000434999819845,440.9617758002132,,,,,,,,,,,,,,,,,,,,,,11,C,2024-04-19_11h15.57.675,attentional_competition_task,2022.2.4,143.99884794680085,
positions.xlsx,positions_test.xlsx,positions_test_new.xlsx,stimuli.xlsx,stimuli_new.xlsx,stimuli/Social3.png,stimuli/Social4.png,stimuli/Nonsocial3.png,stimuli/Nonsocial4.png,stimuli/Social1.png,stimuli/Social2.png,stimuli/Nonsocial1.png,stimuli/Nonsocial2.png,cs_pos_ns,"(-0.7, -0.5)",,,,,,,,,0,0,0,0,,,,,,,,,1,6,22,13,,,,,,,,,,,,,,,,,,,,,,,,,,,,,,,,,,,,,,447.99619820015505,9,reward,1,0.7154909996315837,0.715508499648422,448.71838930016384,,,,,,,,,,,,,,,,,,,,,,11,C,2024-04-19_11h15.57.675,attentional_competition_task,2022.2.4,143.99884794680085,
positions.xlsx,positions_test.xlsx,positions_test_new.xlsx,stimuli.xlsx,stimuli_new.xlsx,stimuli/Social3.png,stimuli/Social4.png,stimuli/Nonsocial3.png,stimuli/Nonsocial4.png,stimuli/Social1.png,stimuli/Social2.png,stimuli/Nonsocial1.png,stimuli/Nonsocial2.png,cs_pos_s,"(-0.7, 0.5)",,,,,,,,,0,0,0,0,,,,,,,,,1,7,23,4,,,,,,,,,,,,,,,,,,,,,,,,,,,,,,,,,,,,,,455.89168470026925,12,reward,1,0.5418624999001622,0.5418667998164892,456.44035500008613,,,,,,,,,,,,,,,,,,,,,,11,C,2024-04-19_11h15.57.675,attentional_competition_task,2022.2.4,143.99884794680085,
positions.xlsx,positions_test.xlsx,positions_test_new.xlsx,stimuli.xlsx,stimuli_new.xlsx,stimuli/Social3.png,stimuli/Social4.png,stimuli/Nonsocial3.png,stimuli/Nonsocial4.png,stimuli/Social1.png,stimuli/Social2.png,stimuli/Nonsocial1.png,stimuli/Nonsocial2.png,cs_neg_s,"(-0.7, 0.5)",,,,,,,,,0,0,0,0,,,,,,,,,1,8,24,0,,,,,,,,,,,,,,,,,,,,,,,,,,,,,,,,,,,,,,463.8704959000461,12,none,0,,,466.8842891003005,,,,,,,,,,,,,,,,,,,,,,11,C,2024-04-19_11h15.57.675,attentional_competition_task,2022.2.4,143.99884794680085,
positions.xlsx,positions_test.xlsx,positions_test_new.xlsx,stimuli.xlsx,stimuli_new.xlsx,stimuli/Social3.png,stimuli/Social4.png,stimuli/Nonsocial3.png,stimuli/Nonsocial4.png,stimuli/Social1.png,stimuli/Social2.png,stimuli/Nonsocial1.png,stimuli/Nonsocial2.png,cs_pos_s,"(-0.7, -0.5)",,,,,,,,,0,0,0,0,,,,,,,,,1,9,25,5,,,,,,,,,,,,,,,,,,,,,,,,,,,,,,,,,,,,,,474.654878300149,15,reward,1,0.6462966999970376,0.6463014003820717,475.3076125001535,,,,,,,,,,,,,,,,,,,,,,11,C,2024-04-19_11h15.57.675,attentional_competition_task,2022.2.4,143.99884794680085,
positions.xlsx,positions_test.xlsx,positions_test_new.xlsx,stimuli.xlsx,stimuli_new.xlsx,stimuli/Social3.png,stimuli/Social4.png,stimuli/Nonsocial3.png,stimuli/Nonsocial4.png,stimuli/Social1.png,stimuli/Social2.png,stimuli/Nonsocial1.png,stimuli/Nonsocial2.png,cs_pos_ns,"(-0.7, 0.5)",,,,,,,,,0,0,0,0,,,,,,,,,1,10,26,12,,,,,,,,,,,,,,,,,,,,,,,,,,,,,,,,,,,,,,482.62674340000376,18,reward,1,0.5551575999706984,0.5551617997698486,483.1892793001607,,,,,,,,,,,,,,,,,,,,,,11,C,2024-04-19_11h15.57.675,attentional_competition_task,2022.2.4,143.99884794680085,
positions.xlsx,positions_test.xlsx,positions_test_new.xlsx,stimuli.xlsx,stimuli_new.xlsx,stimuli/Social3.png,stimuli/Social4.png,stimuli/Nonsocial3.png,stimuli/Nonsocial4.png,stimuli/Social1.png,stimuli/Social2.png,stimuli/Nonsocial1.png,stimuli/Nonsocial2.png,cs_pos_s,"(0.7, -0.5)",,,,,,,,,0,0,0,0,,,,,,,,,1,11,27,7,,,,,,,,,,,,,,,,,,,,,,,,,,,,,,,,,,,,,,490.95971459988505,21,reward,1,0.7850659000687301,0.7850701999850571,491.7513744998723,,,,,,,,,,,,,,,,,,,,,,11,C,2024-04-19_11h15.57.675,attentional_competition_task,2022.2.4,143.99884794680085,
positions.xlsx,positions_test.xlsx,positions_test_new.xlsx,stimuli.xlsx,stimuli_new.xlsx,stimuli/Social3.png,stimuli/Social4.png,stimuli/Nonsocial3.png,stimuli/Nonsocial4.png,stimuli/Social1.png,stimuli/Social2.png,stimuli/Nonsocial1.png,stimuli/Nonsocial2.png,cs_neg_s,"(0.7, 0.5)",,,,,,,,,0,0,0,0,,,,,,,,,1,12,28,2,,,,,,,,,,,,,,,,,,,,,,,,,,,,,,,,,,,,,,498.9385871998966,21,none,0,,,501.9453553999774,,,,,,,,,,,,,,,,,,,,,,11,C,2024-04-19_11h15.57.675,attentional_competition_task,2022.2.4,143.99884794680085,
positions.xlsx,positions_test.xlsx,positions_test_new.xlsx,stimuli.xlsx,stimuli_new.xlsx,stimuli/Social3.png,stimuli/Social4.png,stimuli/Nonsocial3.png,stimuli/Nonsocial4.png,stimuli/Social1.png,stimuli/Social2.png,stimuli/Nonsocial1.png,stimuli/Nonsocial2.png,cs_neg_ns,"(-0.7, 0.5)",,,,,,,,,0,0,0,0,,,,,,,,,1,13,29,8,,,,,,,,,,,,,,,,,,,,,,,,,,,,,,,,,,,,,,509.7437360002659,18,loss,1,1.1111569995991886,1.1111619998700917,510.86170840030536,,,,,,,,,,,,,,,,,,,,,,11,C,2024-04-19_11h15.57.675,attentional_competition_task,2022.2.4,143.99884794680085,
positions.xlsx,positions_test.xlsx,positions_test_new.xlsx,stimuli.xlsx,stimuli_new.xlsx,stimuli/Social3.png,stimuli/Social4.png,stimuli/Nonsocial3.png,stimuli/Nonsocial4.png,stimuli/Social1.png,stimuli/Social2.png,stimuli/Nonsocial1.png,stimuli/Nonsocial2.png,cs_pos_ns,"(0.7, -0.5)",,,,,,,,,0,0,0,0,,,,,,,,,1,14,30,15,,,,,,,,,,,,,,,,,,,,,,,,,,,,,,,,,,,,,,519.0696919001639,21,reward,1,0.2225124998949468,0.2225323999300599,519.2989046000876,,,,,,,,,,,,,,,,,,,,,,11,C,2024-04-19_11h15.57.675,attentional_competition_task,2022.2.4,143.99884794680085,
positions.xlsx,positions_test.xlsx,positions_test_new.xlsx,stimuli.xlsx,stimuli_new.xlsx,stimuli/Social3.png,stimuli/Social4.png,stimuli/Nonsocial3.png,stimuli/Nonsocial4.png,stimuli/Social1.png,stimuli/Social2.png,stimuli/Nonsocial1.png,stimuli/Nonsocial2.png,cs_neg_s,"(-0.7, -0.5)",,,,,,,,,0,0,0,0,,,,,,,,,1,15,31,1,,,,,,,,,,,,,,,,,,,,,,,,,,,,,,,,,,,,,,526.7709305998869,21,none,0,,,529.7845457000658,,,,,,,,,,,,,,,,,,,,,,11,C,2024-04-19_11h15.57.675,attentional_competition_task,2022.2.4,143.99884794680085,
positions.xlsx,positions_test.xlsx,positions_test_new.xlsx,stimuli.xlsx,stimuli_new.xlsx,stimuli/Social3.png,stimuli/Social4.png,stimuli/Nonsocial3.png,stimuli/Nonsocial4.png,stimuli/Social1.png,stimuli/Social2.png,stimuli/Nonsocial1.png,stimuli/Nonsocial2.png,cs_neg_ns,"(0.7, -0.5)",,,,,,,,,0,0,0,0,,,,,,,,,,,,,0,0,0,11,,,,,,,,,,,,,,,,,,,,,,,,,,,,,,,,,,547.478280799929,18,loss,1,0.6392651000060141,0.6392700998112559,548.1240968001075,,,,,,,,,,,,,,,,,,,,,,11,C,2024-04-19_11h15.57.675,attentional_competition_task,2022.2.4,143.99884794680085,
positions.xlsx,positions_test.xlsx,positions_test_new.xlsx,stimuli.xlsx,stimuli_new.xlsx,stimuli/Social3.png,stimuli/Social4.png,stimuli/Nonsocial3.png,stimuli/Nonsocial4.png,stimuli/Social1.png,stimuli/Social2.png,stimuli/Nonsocial1.png,stimuli/Nonsocial2.png,cs_pos_s,"(0.7, 0.5)",,,,,,,,,0,0,0,0,,,,,,,,,,,,,0,1,1,6,,,,,,,,,,,,,,,,,,,,,,,,,,,,,,,,,,556.5612409999594,21,reward,1,0.6947270999662578,0.6947316001169384,557.2626180001535,,,,,,,,,,,,,,,,,,,,,,11,C,2024-04-19_11h15.57.675,attentional_competition_task,2022.2.4,143.99884794680085,
positions.xlsx,positions_test.xlsx,positions_test_new.xlsx,stimuli.xlsx,stimuli_new.xlsx,stimuli/Social3.png,stimuli/Social4.png,stimuli/Nonsocial3.png,stimuli/Nonsocial4.png,stimuli/Social1.png,stimuli/Social2.png,stimuli/Nonsocial1.png,stimuli/Nonsocial2.png,cs_neg_s,"(0.7, 0.5)",,,,,,,,,0,0,0,0,,,,,,,,,,,,,0,2,2,2,,,,,,,,,,,,,,,,,,,,,,,,,,,,,,,,,,565.0123077998869,21,none,0,,,568.0261420998722,,,,,,,,,,,,,,,,,,,,,,11,C,2024-04-19_11h15.57.675,attentional_competition_task,2022.2.4,143.99884794680085,
positions.xlsx,positions_test.xlsx,positions_test_new.xlsx,stimuli.xlsx,stimuli_new.xlsx,stimuli/Social3.png,stimuli/Social4.png,stimuli/Nonsocial3.png,stimuli/Nonsocial4.png,stimuli/Social1.png,stimuli/Social2.png,stimuli/Nonsocial1.png,stimuli/Nonsocial2.png,cs_pos_s,"(0.7, -0.5)",,,,,,,,,0,0,0,0,,,,,,,,,,,,,0,3,3,7,,,,,,,,,,,,,,,,,,,,,,,,,,,,,,,,,,575.7618757002056,24,reward,1,0.6807301002554595,0.6807343000546098,576.4493193002418,,,,,,,,,,,,,,,,,,,,,,11,C,2024-04-19_11h15.57.675,attentional_competition_task,2022.2.4,143.99884794680085,
positions.xlsx,positions_test.xlsx,positions_test_new.xlsx,stimuli.xlsx,stimuli_new.xlsx,stimuli/Social3.png,stimuli/Social4.png,stimuli/Nonsocial3.png,stimuli/Nonsocial4.png,stimuli/Social1.png,stimuli/Social2.png,stimuli/Nonsocial1.png,stimuli/Nonsocial2.png,cs_pos_ns,"(0.7, -0.5)",,,,,,,,,0,0,0,0,,,,,,,,,,,,,0,4,4,15,,,,,,,,,,,,,,,,,,,,,,,,,,,,,,,,,,583.4976510000415,27,reward,1,0.7504778997972608,0.7573787001892924,584.2615215000696,,,,,,,,,,,,,,,,,,,,,,11,C,2024-04-19_11h15.57.675,attentional_competition_task,2022.2.4,143.99884794680085,
positions.xlsx,positions_test.xlsx,positions_test_new.xlsx,stimuli.xlsx,stimuli_new.xlsx,stimuli/Social3.png,stimuli/Social4.png,stimuli/Nonsocial3.png,stimuli/Nonsocial4.png,stimuli/Social1.png,stimuli/Social2.png,stimuli/Nonsocial1.png,stimuli/Nonsocial2.png,cs_neg_ns,"(-0.7, 0.5)",,,,,,,,,0,0,0,0,,,,,,,,,,,,,0,5,5,8,,,,,,,,,,,,,,,,,,,,,,,,,,,,,,,,,,591.1988134998828,27,none,0,,,594.2125347000547,,,,,,,,,,,,,,,,,,,,,,11,C,2024-04-19_11h15.57.675,attentional_competition_task,2022.2.4,143.99884794680085,
positions.xlsx,positions_test.xlsx,positions_test_new.xlsx,stimuli.xlsx,stimuli_new.xlsx,stimuli/Social3.png,stimuli/Social4.png,stimuli/Nonsocial3.png,stimuli/Nonsocial4.png,stimuli/Social1.png,stimuli/Social2.png,stimuli/Nonsocial1.png,stimuli/Nonsocial2.png,cs_pos_s,"(-0.7, 0.5)",,,,,,,,,0,0,0,0,,,,,,,,,,,,,0,6,6,4,,,,,,,,,,,,,,,,,,,,,,,,,,,,,,,,,,601.5108380001038,30,reward,1,0.6458736998029053,0.6458780998364091,602.1635849000886,,,,,,,,,,,,,,,,,,,,,,11,C,2024-04-19_11h15.57.675,attentional_competition_task,2022.2.4,143.99884794680085,
positions.xlsx,positions_test.xlsx,positions_test_new.xlsx,stimuli.xlsx,stimuli_new.xlsx,stimuli/Social3.png,stimuli/Social4.png,stimuli/Nonsocial3.png,stimuli/Nonsocial4.png,stimuli/Social1.png,stimuli/Social2.png,stimuli/Nonsocial1.png,stimuli/Nonsocial2.png,cs_neg_s,"(0.7, -0.5)",,,,,,,,,0,0,0,0,,,,,,,,,,,,,0,7,7,3,,,,,,,,,,,,,,,,,,,,,,,,,,,,,,,,,,609.8229797999375,30,none,0,,,612.8437589001842,,,,,,,,,,,,,,,,,,,,,,11,C,2024-04-19_11h15.57.675,attentional_competition_task,2022.2.4,143.99884794680085,
positions.xlsx,positions_test.xlsx,positions_test_new.xlsx,stimuli.xlsx,stimuli_new.xlsx,stimuli/Social3.png,stimuli/Social4.png,stimuli/Nonsocial3.png,stimuli/Nonsocial4.png,stimuli/Social1.png,stimuli/Social2.png,stimuli/Nonsocial1.png,stimuli/Nonsocial2.png,cs_pos_s,"(-0.7, -0.5)",,,,,,,,,0,0,0,0,,,,,,,,,,,,,0,8,8,5,,,,,,,,,,,,,,,,,,,,,,,,,,,,,,,,,,620.2392469998449,33,reward,1,0.62579600000754,0.625802599824965,620.8780972999521,,,,,,,,,,,,,,,,,,,,,,11,C,2024-04-19_11h15.57.675,attentional_competition_task,2022.2.4,143.99884794680085,
positions.xlsx,positions_test.xlsx,positions_test_new.xlsx,stimuli.xlsx,stimuli_new.xlsx,stimuli/Social3.png,stimuli/Social4.png,stimuli/Nonsocial3.png,stimuli/Nonsocial4.png,stimuli/Social1.png,stimuli/Social2.png,stimuli/Nonsocial1.png,stimuli/Nonsocial2.png,cs_neg_s,"(-0.7, 0.5)",,,,,,,,,0,0,0,0,,,,,,,,,,,,,0,9,9,0,,,,,,,,,,,,,,,,,,,,,,,,,,,,,,,,,,629.0791434999555,33,none,0,,,632.0859965998679,,,,,,,,,,,,,,,,,,,,,,11,C,2024-04-19_11h15.57.675,attentional_competition_task,2022.2.4,143.99884794680085,
positions.xlsx,positions_test.xlsx,positions_test_new.xlsx,stimuli.xlsx,stimuli_new.xlsx,stimuli/Social3.png,stimuli/Social4.png,stimuli/Nonsocial3.png,stimuli/Nonsocial4.png,stimuli/Social1.png,stimuli/Social2.png,stimuli/Nonsocial1.png,stimuli/Nonsocial2.png,cs_pos_ns,"(0.7, 0.5)",,,,,,,,,0,0,0,0,,,,,,,,,,,,,0,10,10,14,,,,,,,,,,,,,,,,,,,,,,,,,,,,,,,,,,640.0648324000649,36,reward,1,0.5353597002103925,0.535364200361073,640.6064569000155,,,,,,,,,,,,,,,,,,,,,,11,C,2024-04-19_11h15.57.675,attentional_competition_task,2022.2.4,143.99884794680085,
positions.xlsx,positions_test.xlsx,positions_test_new.xlsx,stimuli.xlsx,stimuli_new.xlsx,stimuli/Social3.png,stimuli/Social4.png,stimuli/Nonsocial3.png,stimuli/Nonsocial4.png,stimuli/Social1.png,stimuli/Social2.png,stimuli/Nonsocial1.png,stimuli/Nonsocial2.png,cs_pos_ns,"(-0.7, -0.5)",,,,,,,,,0,0,0,0,,,,,,,,,,,,,0,11,11,13,,,,,,,,,,,,,,,,,,,,,,,,,,,,,,,,,,648.4325659000315,39,reward,1,0.5558678000234067,0.5558724999427795,648.9950307002291,,,,,,,,,,,,,,,,,,,,,,11,C,2024-04-19_11h15.57.675,attentional_competition_task,2022.2.4,143.99884794680085,
positions.xlsx,positions_test.xlsx,positions_test_new.xlsx,stimuli.xlsx,stimuli_new.xlsx,stimuli/Social3.png,stimuli/Social4.png,stimuli/Nonsocial3.png,stimuli/Nonsocial4.png,stimuli/Social1.png,stimuli/Social2.png,stimuli/Nonsocial1.png,stimuli/Nonsocial2.png,cs_neg_s,"(-0.7, -0.5)",,,,,,,,,0,0,0,0,,,,,,,,,,,,,0,12,12,1,,,,,,,,,,,,,,,,,,,,,,,,,,,,,,,,,,656.3905536001548,39,none,0,,,659.3974188999273,,,,,,,,,,,,,,,,,,,,,,11,C,2024-04-19_11h15.57.675,attentional_competition_task,2022.2.4,143.99884794680085,
positions.xlsx,positions_test.xlsx,positions_test_new.xlsx,stimuli.xlsx,stimuli_new.xlsx,stimuli/Social3.png,stimuli/Social4.png,stimuli/Nonsocial3.png,stimuli/Nonsocial4.png,stimuli/Social1.png,stimuli/Social2.png,stimuli/Nonsocial1.png,stimuli/Nonsocial2.png,cs_neg_ns,"(0.7, 0.5)",,,,,,,,,0,0,0,0,,,,,,,,,,,,,0,13,13,10,,,,,,,,,,,,,,,,,,,,,,,,,,,,,,,,,,666.2721727001481,36,loss,1,0.5697949002496898,0.576704999897629,666.8554143002257,,,,,,,,,,,,,,,,,,,,,,11,C,2024-04-19_11h15.57.675,attentional_competition_task,2022.2.4,143.99884794680085,
positions.xlsx,positions_test.xlsx,positions_test_new.xlsx,stimuli.xlsx,stimuli_new.xlsx,stimuli/Social3.png,stimuli/Social4.png,stimuli/Nonsocial3.png,stimuli/Nonsocial4.png,stimuli/Social1.png,stimuli/Social2.png,stimuli/Nonsocial1.png,stimuli/Nonsocial2.png,cs_neg_ns,"(-0.7, -0.5)",,,,,,,,,0,0,0,0,,,,,,,,,,,,,0,14,14,9,,,,,,,,,,,,,,,,,,,,,,,,,,,,,,,,,,674.0843234001659,36,none,0,,,677.0980576998554,,,,,,,,,,,,,,,,,,,,,,11,C,2024-04-19_11h15.57.675,attentional_competition_task,2022.2.4,143.99884794680085,
positions.xlsx,positions_test.xlsx,positions_test_new.xlsx,stimuli.xlsx,stimuli_new.xlsx,stimuli/Social3.png,stimuli/Social4.png,stimuli/Nonsocial3.png,stimuli/Nonsocial4.png,stimuli/Social1.png,stimuli/Social2.png,stimuli/Nonsocial1.png,stimuli/Nonsocial2.png,cs_pos_ns,"(-0.7, 0.5)",,,,,,,,,0,0,0,0,,,,,,,,,,,,,0,15,15,12,,,,,,,,,,,,,,,,,,,,,,,,,,,,,,,,,,684.9658600999974,39,reward,1,0.8334661996923387,0.8401647000573575,685.8130258000456,,,,,,,,,,,,,,,,,,,,,,11,C,2024-04-19_11h15.57.675,attentional_competition_task,2022.2.4,143.99884794680085,
positions.xlsx,positions_test.xlsx,positions_test_new.xlsx,stimuli.xlsx,stimuli_new.xlsx,stimuli/Social3.png,stimuli/Social4.png,stimuli/Nonsocial3.png,stimuli/Nonsocial4.png,stimuli/Social1.png,stimuli/Social2.png,stimuli/Nonsocial1.png,stimuli/Nonsocial2.png,cs_neg_s,"(0.7, -0.5)",,,,,,,,,0,0,0,0,,,,,,,,,,,,,1,0,16,3,,,,,,,,,,,,,,,,,,,,,,,,,,,,,,,,,,693.0696701998822,39,none,0,,,696.0834637000225,,,,,,,,,,,,,,,,,,,,,,11,C,2024-04-19_11h15.57.675,attentional_competition_task,2022.2.4,143.99884794680085,
positions.xlsx,positions_test.xlsx,positions_test_new.xlsx,stimuli.xlsx,stimuli_new.xlsx,stimuli/Social3.png,stimuli/Social4.png,stimuli/Nonsocial3.png,stimuli/Nonsocial4.png,stimuli/Social1.png,stimuli/Social2.png,stimuli/Nonsocial1.png,stimuli/Nonsocial2.png,cs_neg_s,"(-0.7, -0.5)",,,,,,,,,0,0,0,0,,,,,,,,,,,,,1,1,17,1,,,,,,,,,,,,,,,,,,,,,,,,,,,,,,,,,,704.1178373000585,39,none,0,,,707.1246549999341,,,,,,,,,,,,,,,,,,,,,,11,C,2024-04-19_11h15.57.675,attentional_competition_task,2022.2.4,143.99884794680085,
positions.xlsx,positions_test.xlsx,positions_test_new.xlsx,stimuli.xlsx,stimuli_new.xlsx,stimuli/Social3.png,stimuli/Social4.png,stimuli/Nonsocial3.png,stimuli/Nonsocial4.png,stimuli/Social1.png,stimuli/Social2.png,stimuli/Nonsocial1.png,stimuli/Nonsocial2.png,cs_pos_ns,"(0.7, -0.5)",,,,,,,,,0,0,0,0,,,,,,,,,,,,,1,2,18,15,,,,,,,,,,,,,,,,,,,,,,,,,,,,,,,,,,714.1382638001814,42,reward,1,0.6043879999779165,0.6043932000175118,714.7493270002306,,,,,,,,,,,,,,,,,,,,,,11,C,2024-04-19_11h15.57.675,attentional_competition_task,2022.2.4,143.99884794680085,
positions.xlsx,positions_test.xlsx,positions_test_new.xlsx,stimuli.xlsx,stimuli_new.xlsx,stimuli/Social3.png,stimuli/Social4.png,stimuli/Nonsocial3.png,stimuli/Nonsocial4.png,stimuli/Social1.png,stimuli/Social2.png,stimuli/Nonsocial1.png,stimuli/Nonsocial2.png,cs_pos_s,"(0.7, 0.5)",,,,,,,,,0,0,0,0,,,,,,,,,,,,,1,3,19,6,,,,,,,,,,,,,,,,,,,,,,,,,,,,,,,,,,722.5129090002738,45,reward,1,0.597715700045228,0.5977201000787318,723.1170502998866,,,,,,,,,,,,,,,,,,,,,,11,C,2024-04-19_11h15.57.675,attentional_competition_task,2022.2.4,143.99884794680085,
positions.xlsx,positions_test.xlsx,positions_test_new.xlsx,stimuli.xlsx,stimuli_new.xlsx,stimuli/Social3.png,stimuli/Social4.png,stimuli/Nonsocial3.png,stimuli/Nonsocial4.png,stimuli/Social1.png,stimuli/Social2.png,stimuli/Nonsocial1.png,stimuli/Nonsocial2.png,cs_pos_ns,"(-0.7, -0.5)",,,,,,,,,0,0,0,0,,,,,,,,,,,,,1,4,20,13,,,,,,,,,,,,,,,,,,,,,,,,,,,,,,,,,,730.5820470000617,48,reward,1,0.16659080004319549,0.16659530019387603,730.7556365001947,,,,,,,,,,,,,,,,,,,,,,11,C,2024-04-19_11h15.57.675,attentional_competition_task,2022.2.4,143.99884794680085,
positions.xlsx,positions_test.xlsx,positions_test_new.xlsx,stimuli.xlsx,stimuli_new.xlsx,stimuli/Social3.png,stimuli/Social4.png,stimuli/Nonsocial3.png,stimuli/Nonsocial4.png,stimuli/Social1.png,stimuli/Social2.png,stimuli/Nonsocial1.png,stimuli/Nonsocial2.png,cs_pos_ns,"(0.7, 0.5)",,,,,,,,,0,0,0,0,,,,,,,,,,,,,1,5,21,14,,,,,,,,,,,,,,,,,,,,,,,,,,,,,,,,,,739.074750199914,51,reward,1,0.47271979972720146,0.47272489964962006,739.5539636998437,,,,,,,,,,,,,,,,,,,,,,11,C,2024-04-19_11h15.57.675,attentional_competition_task,2022.2.4,143.99884794680085,
positions.xlsx,positions_test.xlsx,positions_test_new.xlsx,stimuli.xlsx,stimuli_new.xlsx,stimuli/Social3.png,stimuli/Social4.png,stimuli/Nonsocial3.png,stimuli/Nonsocial4.png,stimuli/Social1.png,stimuli/Social2.png,stimuli/Nonsocial1.png,stimuli/Nonsocial2.png,cs_neg_s,"(0.7, 0.5)",,,,,,,,,0,0,0,0,,,,,,,,,,,,,1,6,22,2,,,,,,,,,,,,,,,,,,,,,,,,,,,,,,,,,,747.088339000009,48,loss,1,0.3616930996067822,0.36169789964333177,747.4563485002145,,,,,,,,,,,,,,,,,,,,,,11,C,2024-04-19_11h15.57.675,attentional_competition_task,2022.2.4,143.99884794680085,
positions.xlsx,positions_test.xlsx,positions_test_new.xlsx,stimuli.xlsx,stimuli_new.xlsx,stimuli/Social3.png,stimuli/Social4.png,stimuli/Nonsocial3.png,stimuli/Nonsocial4.png,stimuli/Social1.png,stimuli/Social2.png,stimuli/Nonsocial1.png,stimuli/Nonsocial2.png,cs_neg_ns,"(0.7, -0.5)",,,,,,,,,0,0,0,0,,,,,,,,,,,,,1,7,23,11,,,,,,,,,,,,,,,,,,,,,,,,,,,,,,,,,,755.1366413002834,45,loss,1,0.6596809001639485,0.6596856000833213,755.8032933999784,,,,,,,,,,,,,,,,,,,,,,11,C,2024-04-19_11h15.57.675,attentional_competition_task,2022.2.4,143.99884794680085,
positions.xlsx,positions_test.xlsx,positions_test_new.xlsx,stimuli.xlsx,stimuli_new.xlsx,stimuli/Social3.png,stimuli/Social4.png,stimuli/Nonsocial3.png,stimuli/Nonsocial4.png,stimuli/Social1.png,stimuli/Social2.png,stimuli/Nonsocial1.png,stimuli/Nonsocial2.png,cs_pos_s,"(0.7, -0.5)",,,,,,,,,0,0,0,0,,,,,,,,,,,,,1,8,24,7,,,,,,,,,,,,,,,,,,,,,,,,,,,,,,,,,,762.6363483001478,48,reward,1,0.6253808997571468,0.6323719997890294,763.2751861000434,,,,,,,,,,,,,,,,,,,,,,11,C,2024-04-19_11h15.57.675,attentional_competition_task,2022.2.4,143.99884794680085,
positions.xlsx,positions_test.xlsx,positions_test_new.xlsx,stimuli.xlsx,stimuli_new.xlsx,stimuli/Social3.png,stimuli/Social4.png,stimuli/Nonsocial3.png,stimuli/Nonsocial4.png,stimuli/Social1.png,stimuli/Social2.png,stimuli/Nonsocial1.png,stimuli/Nonsocial2.png,cs_neg_ns,"(-0.7, 0.5)",,,,,,,,,0,0,0,0,,,,,,,,,,,,,1,9,25,8,,,,,,,,,,,,,,,,,,,,,,,,,,,,,,,,,,770.7470833999105,48,none,0,,,773.7608730001375,,,,,,,,,,,,,,,,,,,,,,11,C,2024-04-19_11h15.57.675,attentional_competition_task,2022.2.4,143.99884794680085,
positions.xlsx,positions_test.xlsx,positions_test_new.xlsx,stimuli.xlsx,stimuli_new.xlsx,stimuli/Social3.png,stimuli/Social4.png,stimuli/Nonsocial3.png,stimuli/Nonsocial4.png,stimuli/Social1.png,stimuli/Social2.png,stimuli/Nonsocial1.png,stimuli/Nonsocial2.png,cs_neg_s,"(-0.7, 0.5)",,,,,,,,,0,0,0,0,,,,,,,,,,,,,1,10,26,0,,,,,,,,,,,,,,,,,,,,,,,,,,,,,,,,,,781.8785733999684,48,none,0,,,784.8854101998731,,,,,,,,,,,,,,,,,,,,,,11,C,2024-04-19_11h15.57.675,attentional_competition_task,2022.2.4,143.99884794680085,
positions.xlsx,positions_test.xlsx,positions_test_new.xlsx,stimuli.xlsx,stimuli_new.xlsx,stimuli/Social3.png,stimuli/Social4.png,stimuli/Nonsocial3.png,stimuli/Nonsocial4.png,stimuli/Social1.png,stimuli/Social2.png,stimuli/Nonsocial1.png,stimuli/Nonsocial2.png,cs_pos_s,"(-0.7, 0.5)",,,,,,,,,0,0,0,0,,,,,,,,,,,,,1,11,27,4,,,,,,,,,,,,,,,,,,,,,,,,,,,,,,,,,,792.0379224000499,51,reward,1,1.0628617000766098,1.0628662998788059,793.1073190001771,,,,,,,,,,,,,,,,,,,,,,11,C,2024-04-19_11h15.57.675,attentional_competition_task,2022.2.4,143.99884794680085,
positions.xlsx,positions_test.xlsx,positions_test_new.xlsx,stimuli.xlsx,stimuli_new.xlsx,stimuli/Social3.png,stimuli/Social4.png,stimuli/Nonsocial3.png,stimuli/Nonsocial4.png,stimuli/Social1.png,stimuli/Social2.png,stimuli/Nonsocial1.png,stimuli/Nonsocial2.png,cs_pos_s,"(-0.7, -0.5)",,,,,,,,,0,0,0,0,,,,,,,,,,,,,1,12,28,5,,,,,,,,,,,,,,,,,,,,,,,,,,,,,,,,,,801.25982009992,54,reward,1,0.5003547999076545,0.5003591999411583,801.7666770000942,,,,,,,,,,,,,,,,,,,,,,11,C,2024-04-19_11h15.57.675,attentional_competition_task,2022.2.4,143.99884794680085,
positions.xlsx,positions_test.xlsx,positions_test_new.xlsx,stimuli.xlsx,stimuli_new.xlsx,stimuli/Social3.png,stimuli/Social4.png,stimuli/Nonsocial3.png,stimuli/Nonsocial4.png,stimuli/Social1.png,stimuli/Social2.png,stimuli/Nonsocial1.png,stimuli/Nonsocial2.png,cs_neg_ns,"(0.7, 0.5)",,,,,,,,,0,0,0,0,,,,,,,,,,,,,1,13,29,10,,,,,,,,,,,,,,,,,,,,,,,,,,,,,,,,,,808.5580672002397,54,none,0,,,811.5718688000925,,,,,,,,,,,,,,,,,,,,,,11,C,2024-04-19_11h15.57.675,attentional_competition_task,2022.2.4,143.99884794680085,
positions.xlsx,positions_test.xlsx,positions_test_new.xlsx,stimuli.xlsx,stimuli_new.xlsx,stimuli/Social3.png,stimuli/Social4.png,stimuli/Nonsocial3.png,stimuli/Nonsocial4.png,stimuli/Social1.png,stimuli/Social2.png,stimuli/Nonsocial1.png,stimuli/Nonsocial2.png,cs_neg_ns,"(-0.7, -0.5)",,,,,,,,,0,0,0,0,,,,,,,,,,,,,1,14,30,9,,,,,,,,,,,,,,,,,,,,,,,,,,,,,,,,,,818.6757471002638,54,none,0,,,821.6894831000827,,,,,,,,,,,,,,,,,,,,,,11,C,2024-04-19_11h15.57.675,attentional_competition_task,2022.2.4,143.99884794680085,
positions.xlsx,positions_test.xlsx,positions_test_new.xlsx,stimuli.xlsx,stimuli_new.xlsx,stimuli/Social3.png,stimuli/Social4.png,stimuli/Nonsocial3.png,stimuli/Nonsocial4.png,stimuli/Social1.png,stimuli/Social2.png,stimuli/Nonsocial1.png,stimuli/Nonsocial2.png,cs_pos_ns,"(-0.7, 0.5)",,,,,,,,,0,0,0,0,,,,,,,,,,,,,1,15,31,12,,,,,,,,,,,,,,,,,,,,,,,,,,,,,,,,,,829.1059174002148,57,reward,1,0.2639851002022624,0.2640042002312839,829.3766989000142,,,,,,,,,,,,,,,,,,,,,,11,C,2024-04-19_11h15.57.675,attentional_competition_task,2022.2.4,143.99884794680085,
positions.xlsx,positions_test.xlsx,positions_test_new.xlsx,stimuli.xlsx,stimuli_new.xlsx,stimuli/Social3.png,stimuli/Social4.png,stimuli/Nonsocial3.png,stimuli/Nonsocial4.png,stimuli/Social1.png,stimuli/Social2.png,stimuli/Nonsocial1.png,stimuli/Nonsocial2.png,cs_neg_s,,,,,,,,,,0,0,0,0,,,,,,,,,,,,,,,,,0,0,0,0,,,,,,,,,,,,,,,,,,,,,,,834.2862579002976,6.0,6.241537599824369,,,,,,,,,,,,,,,,,,,,,,,,,,,,,,,,,11,C,2024-04-19_11h15.57.675,attentional_competition_task,2022.2.4,143.99884794680085,
positions.xlsx,positions_test.xlsx,positions_test_new.xlsx,stimuli.xlsx,stimuli_new.xlsx,stimuli/Social3.png,stimuli/Social4.png,stimuli/Nonsocial3.png,stimuli/Nonsocial4.png,stimuli/Social1.png,stimuli/Social2.png,stimuli/Nonsocial1.png,stimuli/Nonsocial2.png,cs_neg_ns,,,,,,,,,,0,0,0,0,,,,,,,,,,,,,,,,,0,1,1,1,,,,,,,,,,,,,,,,,,,,,,,841.7443010001443,3.0,2.3692590999417007,,,,,,,,,,,,,,,,,,,,,,,,,,,,,,,,,11,C,2024-04-19_11h15.57.675,attentional_competition_task,2022.2.4,143.99884794680085,
positions.xlsx,positions_test.xlsx,positions_test_new.xlsx,stimuli.xlsx,stimuli_new.xlsx,stimuli/Social3.png,stimuli/Social4.png,stimuli/Nonsocial3.png,stimuli/Nonsocial4.png,stimuli/Social1.png,stimuli/Social2.png,stimuli/Nonsocial1.png,stimuli/Nonsocial2.png,cs_pos_ns,,,,,,,,,,0,0,0,0,,,,,,,,,,,,,,,,,0,2,2,3,,,,,,,,,,,,,,,,,,,,,,,844.6399913001806,8.0,2.161004099994898,,,,,,,,,,,,,,,,,,,,,,,,,,,,,,,,,11,C,2024-04-19_11h15.57.675,attentional_competition_task,2022.2.4,143.99884794680085,
positions.xlsx,positions_test.xlsx,positions_test_new.xlsx,stimuli.xlsx,stimuli_new.xlsx,stimuli/Social3.png,stimuli/Social4.png,stimuli/Nonsocial3.png,stimuli/Nonsocial4.png,stimuli/Social1.png,stimuli/Social2.png,stimuli/Nonsocial1.png,stimuli/Nonsocial2.png,cs_pos_s,,,,,,,,,,0,0,0,0,,,,,,,,,,,,,,,,,0,3,3,2,,,,,,,,,,,,,,,,,,,,,,,847.0079601998441,6.0,2.0850583999417722,,,,,,,,,,,,,,,,,,,,,,,,,,,,,,,,,11,C,2024-04-19_11h15.57.675,attentional_competition_task,2022.2.4,143.99884794680085,
positions.xlsx,positions_test.xlsx,positions_test_new.xlsx,stimuli.xlsx,stimuli_new.xlsx,stimuli/Social3.png,stimuli/Social4.png,stimuli/Nonsocial3.png,stimuli/Nonsocial4.png,stimuli/Social1.png,stimuli/Social2.png,stimuli/Nonsocial1.png,stimuli/Nonsocial2.png,,,"(-0.7, -0.5)",cs_neg_ns,"(-0.7, 0.5)",cs_neg_s,"(0.7, -0.5)",cs_pos_ns,"(0.7, 0.5)",cs_pos_s,0,0,0,0,,,,,,,,,,,,,,,,,,,,,0,0,0,15,,,,,,,,,,,,,,,,,,,,,,,,,,,66,reward,,,,,849.5008894000202,856.3617222001776,856.3617222001776,856.3617222001776,856.3617222001776,0,,,0,,,0,,,0,,,856.9450385002419,856.9450385002419,856.9450385002419,856.9450385002419,11,C,2024-04-19_11h15.57.675,attentional_competition_task,2022.2.4,143.99884794680085,
positions.xlsx,positions_test.xlsx,positions_test_new.xlsx,stimuli.xlsx,stimuli_new.xlsx,stimuli/Social3.png,stimuli/Social4.png,stimuli/Nonsocial3.png,stimuli/Nonsocial4.png,stimuli/Social1.png,stimuli/Social2.png,stimuli/Nonsocial1.png,stimuli/Nonsocial2.png,,,"(-0.7, -0.5)",cs_neg_s,"(-0.7, 0.5)",cs_neg_ns,"(0.7, -0.5)",cs_pos_s,"(0.7, 0.5)",cs_pos_ns,0,0,0,0,,,,,,,,,,,,,,,,,,,,,0,1,1,2,,,,,,,,,,,,,,,,,,,,,,,,,,,72,reward,,,,,,864.6322230002843,864.6322230002843,864.6322230002843,864.6322230002843,0,,,0,,,1,0.03113099979236722,0.07986239995807409,1,0.09354430017992854,0.09354849997907877,864.7225536000915,864.7225536000915,864.7225536000915,864.7225536000915,11,C,2024-04-19_11h15.57.675,attentional_competition_task,2022.2.4,143.99884794680085,
positions.xlsx,positions_test.xlsx,positions_test_new.xlsx,stimuli.xlsx,stimuli_new.xlsx,stimuli/Social3.png,stimuli/Social4.png,stimuli/Nonsocial3.png,stimuli/Nonsocial4.png,stimuli/Social1.png,stimuli/Social2.png,stimuli/Nonsocial1.png,stimuli/Nonsocial2.png,,,"(-0.7, -0.5)",cs_pos_s,"(-0.7, 0.5)",cs_pos_ns,"(0.7, -0.5)",cs_neg_ns,"(0.7, 0.5)",cs_neg_s,0,0,0,0,,,,,,,,,,,,,,,,,,,,,0,2,2,11,,,,,,,,,,,,,,,,,,,,,,,,,,,81,reward,,,,,,873.7499803998508,873.7499803998508,873.7499803998508,873.7499803998508,0,,,0,,,0,,,0,,,873.7499803998508,873.7499803998508,873.7499803998508,873.7499803998508,11,C,2024-04-19_11h15.57.675,attentional_competition_task,2022.2.4,143.99884794680085,
positions.xlsx,positions_test.xlsx,positions_test_new.xlsx,stimuli.xlsx,stimuli_new.xlsx,stimuli/Social3.png,stimuli/Social4.png,stimuli/Nonsocial3.png,stimuli/Nonsocial4.png,stimuli/Social1.png,stimuli/Social2.png,stimuli/Nonsocial1.png,stimuli/Nonsocial2.png,,,"(-0.7, -0.5)",cs_pos_ns,"(-0.7, 0.5)",cs_neg_ns,"(0.7, -0.5)",cs_pos_s,"(0.7, 0.5)",cs_neg_s,0,0,0,0,,,,,,,,,,,,,,,,,,,,,0,3,3,20,,,,,,,,,,,,,,,,,,,,,,,,,,,81,loss,,,,,,881.2912865001708,881.2912865001708,881.2912865001708,881.2912865001708,0,,,1,0.4542361996136606,0.4542410997673869,1,0.029990199953317642,0.36442189989611506,0,,,881.7496886998415,881.7496886998415,881.7496886998415,881.7496886998415,11,C,2024-04-19_11h15.57.675,attentional_competition_task,2022.2.4,143.99884794680085,
positions.xlsx,positions_test.xlsx,positions_test_new.xlsx,stimuli.xlsx,stimuli_new.xlsx,stimuli/Social3.png,stimuli/Social4.png,stimuli/Nonsocial3.png,stimuli/Nonsocial4.png,stimuli/Social1.png,stimuli/Social2.png,stimuli/Nonsocial1.png,stimuli/Nonsocial2.png,,,"(-0.7, -0.5)",cs_pos_s,"(-0.7, 0.5)",cs_pos_ns,"(0.7, -0.5)",cs_neg_s,"(0.7, 0.5)",cs_neg_ns,0,0,0,0,,,,,,,,,,,,,,,,,,,,,0,4,4,10,,,,,,,,,,,,,,,,,,,,,,,,,,,87,reward,,,,,,889.6937799002044,889.6937799002044,889.6937799002044,889.6937799002044,1,0.029144200030714273,0.45337209990248084,1,0.46070059994235635,0.4675606000237167,0,,,0,,,890.1590304998681,890.1590304998681,890.1590304998681,890.1590304998681,11,C,2024-04-19_11h15.57.675,attentional_competition_task,2022.2.4,143.99884794680085,
positions.xlsx,positions_test.xlsx,positions_test_new.xlsx,stimuli.xlsx,stimuli_new.xlsx,stimuli/Social3.png,stimuli/Social4.png,stimuli/Nonsocial3.png,stimuli/Nonsocial4.png,stimuli/Social1.png,stimuli/Social2.png,stimuli/Nonsocial1.png,stimuli/Nonsocial2.png,,,"(-0.7, -0.5)",cs_pos_s,"(-0.7, 0.5)",cs_neg_s,"(0.7, -0.5)",cs_pos_ns,"(0.7, 0.5)",cs_neg_ns,0,0,0,0,,,,,,,,,,,,,,,,,,,,,0,5,5,7,,,,,,,,,,,,,,,,,,,,,,,,,,,93,reward,,,,,,899.5614372002892,899.5614372002892,899.5614372002892,899.5614372002892,0,,,0,,,1,0.03004039963707328,0.030045100022107363,0,,,899.5614372002892,899.5614372002892,899.5614372002892,899.5614372002892,11,C,2024-04-19_11h15.57.675,attentional_competition_task,2022.2.4,143.99884794680085,
positions.xlsx,positions_test.xlsx,positions_test_new.xlsx,stimuli.xlsx,stimuli_new.xlsx,stimuli/Social3.png,stimuli/Social4.png,stimuli/Nonsocial3.png,stimuli/Nonsocial4.png,stimuli/Social1.png,stimuli/Social2.png,stimuli/Nonsocial1.png,stimuli/Nonsocial2.png,,,"(-0.7, -0.5)",cs_pos_ns,"(-0.7, 0.5)",cs_neg_s,"(0.7, -0.5)",cs_pos_s,"(0.7, 0.5)",cs_neg_ns,0,0,0,0,,,,,,,,,,,,,,,,,,,,,0,6,6,22,,,,,,,,,,,,,,,,,,,,,,,,,,,102,reward,,,,,,908.56110920012,908.56110920012,908.56110920012,908.56110920012,1,0.028533699922263622,0.42547360016033053,0,,,0,,,0,,,909.4915992999449,909.4915992999449,909.4915992999449,909.4915992999449,11,C,2024-04-19_11h15.57.675,attentional_competition_task,2022.2.4,143.99884794680085,
positions.xlsx,positions_test.xlsx,positions_test_new.xlsx,stimuli.xlsx,stimuli_new.xlsx,stimuli/Social3.png,stimuli/Social4.png,stimuli/Nonsocial3.png,stimuli/Nonsocial4.png,stimuli/Social1.png,stimuli/Social2.png,stimuli/Nonsocial1.png,stimuli/Nonsocial2.png,,,"(-0.7, -0.5)",cs_neg_ns,"(-0.7, 0.5)",cs_pos_ns,"(0.7, -0.5)",cs_neg_s,"(0.7, 0.5)",cs_pos_s,0,0,0,0,,,,,,,,,,,,,,,,,,,,,0,7,7,17,,,,,,,,,,,,,,,,,,,,,,,,,,,99,loss,,,,,,917.4287570999004,917.4287570999004,917.4287570999004,917.4287570999004,1,0.024496200028806925,0.024500899948179722,0,,,0,,,0,,,917.4287570999004,917.4287570999004,917.4287570999004,917.4287570999004,11,C,2024-04-19_11h15.57.675,attentional_competition_task,2022.2.4,143.99884794680085,
positions.xlsx,positions_test.xlsx,positions_test_new.xlsx,stimuli.xlsx,stimuli_new.xlsx,stimuli/Social3.png,stimuli/Social4.png,stimuli/Nonsocial3.png,stimuli/Nonsocial4.png,stimuli/Social1.png,stimuli/Social2.png,stimuli/Nonsocial1.png,stimuli/Nonsocial2.png,,,"(-0.7, -0.5)",cs_pos_ns,"(-0.7, 0.5)",cs_pos_s,"(0.7, -0.5)",cs_neg_s,"(0.7, 0.5)",cs_neg_ns,0,0,0,0,,,,,,,,,,,,,,,,,,,,,0,8,8,19,,,,,,,,,,,,,,,,,,,,,,,,,,,105,reward,,,,,,925.5742655000649,925.5742655000649,925.5742655000649,925.5742655000649,0,,,1,0.030281799845397472,0.030286799650639296,0,,,0,,,925.5742655000649,925.5742655000649,925.5742655000649,925.5742655000649,11,C,2024-04-19_11h15.57.675,attentional_competition_task,2022.2.4,143.99884794680085,
positions.xlsx,positions_test.xlsx,positions_test_new.xlsx,stimuli.xlsx,stimuli_new.xlsx,stimuli/Social3.png,stimuli/Social4.png,stimuli/Nonsocial3.png,stimuli/Nonsocial4.png,stimuli/Social1.png,stimuli/Social2.png,stimuli/Nonsocial1.png,stimuli/Nonsocial2.png,,,"(-0.7, -0.5)",cs_neg_ns,"(-0.7, 0.5)",cs_pos_s,"(0.7, -0.5)",cs_pos_ns,"(0.7, 0.5)",cs_neg_s,0,0,0,0,,,,,,,,,,,,,,,,,,,,,0,9,9,13,,,,,,,,,,,,,,,,,,,,,,,,,,,108,reward,,,,,,933.525344800204,933.525344800204,933.525344800204,933.525344800204,0,,,0,,,1,0.029627699870616198,0.029631999786943197,0,,,933.525344800204,933.525344800204,933.525344800204,933.525344800204,11,C,2024-04-19_11h15.57.675,attentional_competition_task,2022.2.4,143.99884794680085,
positions.xlsx,positions_test.xlsx,positions_test_new.xlsx,stimuli.xlsx,stimuli_new.xlsx,stimuli/Social3.png,stimuli/Social4.png,stimuli/Nonsocial3.png,stimuli/Nonsocial4.png,stimuli/Social1.png,stimuli/Social2.png,stimuli/Nonsocial1.png,stimuli/Nonsocial2.png,,,"(-0.7, -0.5)",cs_neg_s,"(-0.7, 0.5)",cs_neg_ns,"(0.7, -0.5)",cs_pos_ns,"(0.7, 0.5)",cs_pos_s,0,0,0,0,,,,,,,,,,,,,,,,,,,,,0,10,10,3,,,,,,,,,,,,,,,,,,,,,,,,,,,117,reward,,,,,,943.1777572999708,943.1777572999708,943.1777572999708,943.1777572999708,0,,,0,,,1,0.030617899727076292,0.03062220010906458,0,,,943.1777572999708,943.1777572999708,943.1777572999708,943.1777572999708,11,C,2024-04-19_11h15.57.675,attentional_competition_task,2022.2.4,143.99884794680085,
positions.xlsx,positions_test.xlsx,positions_test_new.xlsx,stimuli.xlsx,stimuli_new.xlsx,stimuli/Social3.png,stimuli/Social4.png,stimuli/Nonsocial3.png,stimuli/Nonsocial4.png,stimuli/Social1.png,stimuli/Social2.png,stimuli/Nonsocial1.png,stimuli/Nonsocial2.png,,,"(-0.7, -0.5)",cs_neg_ns,"(-0.7, 0.5)",cs_pos_ns,"(0.7, -0.5)",cs_pos_s,"(0.7, 0.5)",cs_neg_s,0,0,0,0,,,,,,,,,,,,,,,,,,,,,0,11,11,16,,,,,,,,,,,,,,,,,,,,,,,,,,,126,reward,,,,,,951.6704334998503,951.6704334998503,951.6704334998503,951.6704334998503,0,,,1,0.023219299968332052,0.02322410000488162,0,,,0,,,951.6704334998503,951.6704334998503,951.6704334998503,951.6704334998503,11,C,2024-04-19_11h15.57.675,attentional_competition_task,2022.2.4,143.99884794680085,
positions.xlsx,positions_test.xlsx,positions_test_new.xlsx,stimuli.xlsx,stimuli_new.xlsx,stimuli/Social3.png,stimuli/Social4.png,stimuli/Nonsocial3.png,stimuli/Nonsocial4.png,stimuli/Social1.png,stimuli/Social2.png,stimuli/Nonsocial1.png,stimuli/Nonsocial2.png,,,"(-0.7, -0.5)",cs_pos_s,"(-0.7, 0.5)",cs_neg_ns,"(0.7, -0.5)",cs_pos_ns,"(0.7, 0.5)",cs_neg_s,0,0,0,0,,,,,,,,,,,,,,,,,,,,,0,12,12,9,,,,,,,,,,,,,,,,,,,,,,,,,,,129,reward,,,,,,959.4131845999509,959.4131845999509,959.4131845999509,959.4131845999509,0,,,0,,,1,0.025457600131630898,0.025462500285357237,0,,,959.4131845999509,959.4131845999509,959.4131845999509,959.4131845999509,11,C,2024-04-19_11h15.57.675,attentional_competition_task,2022.2.4,143.99884794680085,
positions.xlsx,positions_test.xlsx,positions_test_new.xlsx,stimuli.xlsx,stimuli_new.xlsx,stimuli/Social3.png,stimuli/Social4.png,stimuli/Nonsocial3.png,stimuli/Nonsocial4.png,stimuli/Social1.png,stimuli/Social2.png,stimuli/Nonsocial1.png,stimuli/Nonsocial2.png,,,"(-0.7, -0.5)",cs_pos_s,"(-0.7, 0.5)",cs_neg_s,"(0.7, -0.5)",cs_neg_ns,"(0.7, 0.5)",cs_pos_ns,0,0,0,0,,,,,,,,,,,,,,,,,,,,,0,13,13,6,,,,,,,,,,,,,,,,,,,,,,,,,,,135,reward,,,,,,966.7809350001626,966.7809350001626,966.7809350001626,966.7809350001626,1,0.029731400310993195,0.48157630022615194,0,,,0,,,1,0.55160679994151,0.5516114002093673,967.3364677000791,967.3364677000791,967.3364677000791,967.3364677000791,11,C,2024-04-19_11h15.57.675,attentional_competition_task,2022.2.4,143.99884794680085,
positions.xlsx,positions_test.xlsx,positions_test_new.xlsx,stimuli.xlsx,stimuli_new.xlsx,stimuli/Social3.png,stimuli/Social4.png,stimuli/Nonsocial3.png,stimuli/Nonsocial4.png,stimuli/Social1.png,stimuli/Social2.png,stimuli/Nonsocial1.png,stimuli/Nonsocial2.png,,,"(-0.7, -0.5)",cs_pos_ns,"(-0.7, 0.5)",cs_neg_ns,"(0.7, -0.5)",cs_neg_s,"(0.7, 0.5)",cs_pos_s,0,0,0,0,,,,,,,,,,,,,,,,,,,,,0,14,14,21,,,,,,,,,,,,,,,,,,,,,,,,,,,144,reward,,,,,,975.370902699884,975.370902699884,975.370902699884,975.370902699884,1,0.03296220023185015,0.28092290041968226,0,,,0,,,0,,,976.315276300069,976.315276300069,976.315276300069,976.315276300069,11,C,2024-04-19_11h15.57.675,attentional_competition_task,2022.2.4,143.99884794680085,
positions.xlsx,positions_test.xlsx,positions_test_new.xlsx,stimuli.xlsx,stimuli_new.xlsx,stimuli/Social3.png,stimuli/Social4.png,stimuli/Nonsocial3.png,stimuli/Nonsocial4.png,stimuli/Social1.png,stimuli/Social2.png,stimuli/Nonsocial1.png,stimuli/Nonsocial2.png,,,"(-0.7, -0.5)",cs_pos_s,"(-0.7, 0.5)",cs_neg_ns,"(0.7, -0.5)",cs_neg_s,"(0.7, 0.5)",cs_pos_ns,0,0,0,0,,,,,,,,,,,,,,,,,,,,,0,15,15,8,,,,,,,,,,,,,,,,,,,,,,,,,,,147,loss,,,,,,983.9539208002388,983.9539208002388,983.9539208002388,983.9539208002388,0,,,0,,,1,0.024583499878644943,0.024588500149548054,0,,,983.9539208002388,983.9539208002388,983.9539208002388,983.9539208002388,11,C,2024-04-19_11h15.57.675,attentional_competition_task,2022.2.4,143.99884794680085,
positions.xlsx,positions_test.xlsx,positions_test_new.xlsx,stimuli.xlsx,stimuli_new.xlsx,stimuli/Social3.png,stimuli/Social4.png,stimuli/Nonsocial3.png,stimuli/Nonsocial4.png,stimuli/Social1.png,stimuli/Social2.png,stimuli/Nonsocial1.png,stimuli/Nonsocial2.png,,,"(-0.7, -0.5)",cs_neg_s,"(-0.7, 0.5)",cs_pos_s,"(0.7, -0.5)",cs_pos_ns,"(0.7, 0.5)",cs_neg_ns,0,0,0,0,,,,,,,,,,,,,,,,,,,,,0,16,16,1,,,,,,,,,,,,,,,,,,,,,,,,,,,150,reward,,,,,,993.4951424999163,993.4951424999163,993.4951424999163,993.4951424999163,0,,,0,,,1,0.03054889990016818,0.030553599819540977,0,,,993.4951424999163,993.4951424999163,993.4951424999163,993.4951424999163,11,C,2024-04-19_11h15.57.675,attentional_competition_task,2022.2.4,143.99884794680085,
positions.xlsx,positions_test.xlsx,positions_test_new.xlsx,stimuli.xlsx,stimuli_new.xlsx,stimuli/Social3.png,stimuli/Social4.png,stimuli/Nonsocial3.png,stimuli/Nonsocial4.png,stimuli/Social1.png,stimuli/Social2.png,stimuli/Nonsocial1.png,stimuli/Nonsocial2.png,,,"(-0.7, -0.5)",cs_neg_ns,"(-0.7, 0.5)",cs_neg_s,"(0.7, -0.5)",cs_pos_s,"(0.7, 0.5)",cs_pos_ns,0,0,0,0,,,,,,,,,,,,,,,,,,,,,0,17,17,14,,,,,,,,,,,,,,,,,,,,,,,,,,,159,reward,,,,,,1000.4740547998808,1000.4740547998808,1000.4740547998808,1000.4740547998808,0,,,0,,,0,,,0,,,1001.4462152002379,1001.4462152002379,1001.4462152002379,1001.4462152002379,11,C,2024-04-19_11h15.57.675,attentional_competition_task,2022.2.4,143.99884794680085,
positions.xlsx,positions_test.xlsx,positions_test_new.xlsx,stimuli.xlsx,stimuli_new.xlsx,stimuli/Social3.png,stimuli/Social4.png,stimuli/Nonsocial3.png,stimuli/Nonsocial4.png,stimuli/Social1.png,stimuli/Social2.png,stimuli/Nonsocial1.png,stimuli/Nonsocial2.png,,,"(-0.7, -0.5)",cs_pos_ns,"(-0.7, 0.5)",cs_pos_s,"(0.7, -0.5)",cs_neg_ns,"(0.7, 0.5)",cs_neg_s,0,0,0,0,,,,,,,,,,,,,,,,,,,,,0,18,18,18,,,,,,,,,,,,,,,,,,,,,,,,,,,168,reward,,,,,,1008.7306689000688,1008.7306689000688,1008.7306689000688,1008.7306689000688,1,0.02255869982764125,0.426428799983114,0,,,0,,,0,,,1009.6611665999517,1009.6611665999517,1009.6611665999517,1009.6611665999517,11,C,2024-04-19_11h15.57.675,attentional_competition_task,2022.2.4,143.99884794680085,
positions.xlsx,positions_test.xlsx,positions_test_new.xlsx,stimuli.xlsx,stimuli_new.xlsx,stimuli/Social3.png,stimuli/Social4.png,stimuli/Nonsocial3.png,stimuli/Nonsocial4.png,stimuli/Social1.png,stimuli/Social2.png,stimuli/Nonsocial1.png,stimuli/Nonsocial2.png,,,"(-0.7, -0.5)",cs_neg_s,"(-0.7, 0.5)",cs_pos_ns,"(0.7, -0.5)",cs_neg_ns,"(0.7, 0.5)",cs_pos_s,0,0,0,0,,,,,,,,,,,,,,,,,,,,,0,19,19,5,,,,,,,,,,,,,,,,,,,,,,,,,,,171,reward,,,,,,1016.4802780998871,1016.4802780998871,1016.4802780998871,1016.4802780998871,0,,,1,0.029312000144273043,0.029316300060600042,0,,,0,,,1016.4802780998871,1016.4802780998871,1016.4802780998871,1016.4802780998871,11,C,2024-04-19_11h15.57.675,attentional_competition_task,2022.2.4,143.99884794680085,
positions.xlsx,positions_test.xlsx,positions_test_new.xlsx,stimuli.xlsx,stimuli_new.xlsx,stimuli/Social3.png,stimuli/Social4.png,stimuli/Nonsocial3.png,stimuli/Nonsocial4.png,stimuli/Social1.png,stimuli/Social2.png,stimuli/Nonsocial1.png,stimuli/Nonsocial2.png,,,"(-0.7, -0.5)",cs_pos_ns,"(-0.7, 0.5)",cs_neg_s,"(0.7, -0.5)",cs_neg_ns,"(0.7, 0.5)",cs_pos_s,0,0,0,0,,,,,,,,,,,,,,,,,,,,,0,20,20,23,,,,,,,,,,,,,,,,,,,,,,,,,,,180,reward,,,,,,1024.9938432001509,1024.9938432001509,1024.9938432001509,1024.9938432001509,1,0.03106909990310669,0.4052485995925963,0,,,0,,,0,,,1025.8966481001116,1025.8966481001116,1025.8966481001116,1025.8966481001116,11,C,2024-04-19_11h15.57.675,attentional_competition_task,2022.2.4,143.99884794680085,
positions.xlsx,positions_test.xlsx,positions_test_new.xlsx,stimuli.xlsx,stimuli_new.xlsx,stimuli/Social3.png,stimuli/Social4.png,stimuli/Nonsocial3.png,stimuli/Nonsocial4.png,stimuli/Social1.png,stimuli/Social2.png,stimuli/Nonsocial1.png,stimuli/Nonsocial2.png,,,"(-0.7, -0.5)",cs_neg_s,"(-0.7, 0.5)",cs_pos_s,"(0.7, -0.5)",cs_neg_ns,"(0.7, 0.5)",cs_pos_ns,0,0,0,0,,,,,,,,,,,,,,,,,,,,,0,21,21,0,,,,,,,,,,,,,,,,,,,,,,,,,,,189,reward,,,,,,1033.4726859000511,1033.4726859000511,1033.4726859000511,1033.4726859000511,0,,,0,,,0,,,1,0.02515079965814948,0.21155079966410995,1034.1879655001685,1034.1879655001685,1034.1879655001685,1034.1879655001685,11,C,2024-04-19_11h15.57.675,attentional_competition_task,2022.2.4,143.99884794680085,
positions.xlsx,positions_test.xlsx,positions_test_new.xlsx,stimuli.xlsx,stimuli_new.xlsx,stimuli/Social3.png,stimuli/Social4.png,stimuli/Nonsocial3.png,stimuli/Nonsocial4.png,stimuli/Social1.png,stimuli/Social2.png,stimuli/Nonsocial1.png,stimuli/Nonsocial2.png,,,"(-0.7, -0.5)",cs_neg_s,"(-0.7, 0.5)",cs_pos_ns,"(0.7, -0.5)",cs_pos_s,"(0.7, 0.5)",cs_neg_ns,0,0,0,0,,,,,,,,,,,,,,,,,,,,,0,22,22,4,,,,,,,,,,,,,,,,,,,,,,,,,,,192,reward,,,,,,1042.2432241002098,1042.2432241002098,1042.2432241002098,1042.2432241002098,0,,,1,0.03070690017193556,0.030724700074642897,0,,,0,,,1042.2432241002098,1042.2432241002098,1042.2432241002098,1042.2432241002098,11,C,2024-04-19_11h15.57.675,attentional_competition_task,2022.2.4,143.99884794680085,
positions.xlsx,positions_test.xlsx,positions_test_new.xlsx,stimuli.xlsx,stimuli_new.xlsx,stimuli/Social3.png,stimuli/Social4.png,stimuli/Nonsocial3.png,stimuli/Nonsocial4.png,stimuli/Social1.png,stimuli/Social2.png,stimuli/Nonsocial1.png,stimuli/Nonsocial2.png,,,"(-0.7, -0.5)",cs_neg_ns,"(-0.7, 0.5)",cs_pos_s,"(0.7, -0.5)",cs_neg_s,"(0.7, 0.5)",cs_pos_ns,0,0,0,0,,,,,,,,,,,,,,,,,,,,,0,23,23,12,,,,,,,,,,,,,,,,,,,,,,,,,,,201,reward,,,,,,1051.0344747998752,1051.0344747998752,1051.0344747998752,1051.0344747998752,0,,,0,,,0,,,1,0.031000100076198578,0.47527729999274015,1052.0066784000956,1052.0066784000956,1052.0066784000956,1052.0066784000956,11,C,2024-04-19_11h15.57.675,attentional_competition_task,2022.2.4,143.99884794680085,
positions.xlsx,positions_test.xlsx,positions_test_new.xlsx,stimuli.xlsx,stimuli_new.xlsx,stimuli/Social3.png,stimuli/Social4.png,stimuli/Nonsocial3.png,stimuli/Nonsocial4.png,stimuli/Social1.png,stimuli/Social2.png,stimuli/Nonsocial1.png,stimuli/Nonsocial2.png,,,"(-0.7, -0.5)",cs_neg_ns,"(-0.7, 0.5)",cs_neg_s,"(0.7, -0.5)",cs_pos_s,"(0.7, 0.5)",cs_pos_ns,0,0,0,0,,,,,,,,,,,,,,,,,,,,,1,0,24,14,,,,,,,,,,,,,,,,,,,,,,,,,,,210,reward,,,,,,1059.6313477000222,1059.6313477000222,1059.6313477000222,1059.6313477000222,0,,,0,,,1,0.02979240007698536,0.2660942003130913,0,,,1060.395244400017,1060.395244400017,1060.395244400017,1060.395244400017,11,C,2024-04-19_11h15.57.675,attentional_competition_task,2022.2.4,143.99884794680085,
positions.xlsx,positions_test.xlsx,positions_test_new.xlsx,stimuli.xlsx,stimuli_new.xlsx,stimuli/Social3.png,stimuli/Social4.png,stimuli/Nonsocial3.png,stimuli/Nonsocial4.png,stimuli/Social1.png,stimuli/Social2.png,stimuli/Nonsocial1.png,stimuli/Nonsocial2.png,,,"(-0.7, -0.5)",cs_pos_s,"(-0.7, 0.5)",cs_pos_ns,"(0.7, -0.5)",cs_neg_s,"(0.7, 0.5)",cs_neg_ns,0,0,0,0,,,,,,,,,,,,,,,,,,,,,1,1,25,10,,,,,,,,,,,,,,,,,,,,,,,,,,,219,reward,,,,,,1068.2282505002804,1068.2282505002804,1068.2282505002804,1068.2282505002804,0,,,0,,,1,0.3763556997291744,0.37636089976876974,0,,,1069.1101696998812,1069.1101696998812,1069.1101696998812,1069.1101696998812,11,C,2024-04-19_11h15.57.675,attentional_competition_task,2022.2.4,143.99884794680085,
positions.xlsx,positions_test.xlsx,positions_test_new.xlsx,stimuli.xlsx,stimuli_new.xlsx,stimuli/Social3.png,stimuli/Social4.png,stimuli/Nonsocial3.png,stimuli/Nonsocial4.png,stimuli/Social1.png,stimuli/Social2.png,stimuli/Nonsocial1.png,stimuli/Nonsocial2.png,,,"(-0.7, -0.5)",cs_neg_ns,"(-0.7, 0.5)",cs_pos_ns,"(0.7, -0.5)",cs_neg_s,"(0.7, 0.5)",cs_pos_s,0,0,0,0,,,,,,,,,,,,,,,,,,,,,1,2,26,17,,,,,,,,,,,,,,,,,,,,,,,,,,,222,loss,,,,,,1076.0057051000185,1076.0057051000185,1076.0057051000185,1076.0057051000185,0,,,0,,,1,0.07314699981361628,0.07315200008451939,1,0.02402939973399043,0.059953199699521065,1076.0820814999752,1076.0820814999752,1076.0820814999752,1076.0820814999752,11,C,2024-04-19_11h15.57.675,attentional_competition_task,2022.2.4,143.99884794680085,
positions.xlsx,positions_test.xlsx,positions_test_new.xlsx,stimuli.xlsx,stimuli_new.xlsx,stimuli/Social3.png,stimuli/Social4.png,stimuli/Nonsocial3.png,stimuli/Nonsocial4.png,stimuli/Social1.png,stimuli/Social2.png,stimuli/Nonsocial1.png,stimuli/Nonsocial2.png,,,"(-0.7, -0.5)",cs_neg_ns,"(-0.7, 0.5)",cs_neg_s,"(0.7, -0.5)",cs_pos_ns,"(0.7, 0.5)",cs_pos_s,0,0,0,0,,,,,,,,,,,,,,,,,,,,,1,3,27,15,,,,,,,,,,,,,,,,,,,,,,,,,,,225,reward,,,,,,1084.1373886000365,1084.1373886000365,1084.1373886000365,1084.1373886000365,0,,,0,,,1,0.023316199891269207,0.023321100044995546,0,,,1084.1373886000365,1084.1373886000365,1084.1373886000365,1084.1373886000365,11,C,2024-04-19_11h15.57.675,attentional_competition_task,2022.2.4,143.99884794680085,
positions.xlsx,positions_test.xlsx,positions_test_new.xlsx,stimuli.xlsx,stimuli_new.xlsx,stimuli/Social3.png,stimuli/Social4.png,stimuli/Nonsocial3.png,stimuli/Nonsocial4.png,stimuli/Social1.png,stimuli/Social2.png,stimuli/Nonsocial1.png,stimuli/Nonsocial2.png,,,"(-0.7, -0.5)",cs_pos_ns,"(-0.7, 0.5)",cs_pos_s,"(0.7, -0.5)",cs_neg_ns,"(0.7, 0.5)",cs_neg_s,0,0,0,0,,,,,,,,,,,,,,,,,,,,,1,4,28,18,,,,,,,,,,,,,,,,,,,,,,,,,,,228,reward,,,,,,1092.3314213999547,1092.3314213999547,1092.3314213999547,1092.3314213999547,1,0.08690980030223727,0.08691469999030232,0,,,0,,,0,,,1092.4147947998717,1092.4147947998717,1092.4147947998717,1092.4147947998717,11,C,2024-04-19_11h15.57.675,attentional_competition_task,2022.2.4,143.99884794680085,
positions.xlsx,positions_test.xlsx,positions_test_new.xlsx,stimuli.xlsx,stimuli_new.xlsx,stimuli/Social3.png,stimuli/Social4.png,stimuli/Nonsocial3.png,stimuli/Nonsocial4.png,stimuli/Social1.png,stimuli/Social2.png,stimuli/Nonsocial1.png,stimuli/Nonsocial2.png,,,"(-0.7, -0.5)",cs_pos_s,"(-0.7, 0.5)",cs_neg_ns,"(0.7, -0.5)",cs_neg_s,"(0.7, 0.5)",cs_pos_ns,0,0,0,0,,,,,,,,,,,,,,,,,,,,,1,5,29,8,,,,,,,,,,,,,,,,,,,,,,,,,,,228,reward,,,,,,1101.4908153000288,1101.4908153000288,1101.4908153000288,1101.4908153000288,1,0.030080900061875582,0.03008559998124838,0,,,0,,,0,,,1101.4908153000288,1101.4908153000288,1101.4908153000288,1101.4908153000288,11,C,2024-04-19_11h15.57.675,attentional_competition_task,2022.2.4,143.99884794680085,
positions.xlsx,positions_test.xlsx,positions_test_new.xlsx,stimuli.xlsx,stimuli_new.xlsx,stimuli/Social3.png,stimuli/Social4.png,stimuli/Nonsocial3.png,stimuli/Nonsocial4.png,stimuli/Social1.png,stimuli/Social2.png,stimuli/Nonsocial1.png,stimuli/Nonsocial2.png,,,"(-0.7, -0.5)",cs_neg_ns,"(-0.7, 0.5)",cs_pos_s,"(0.7, -0.5)",cs_neg_s,"(0.7, 0.5)",cs_pos_ns,0,0,0,0,,,,,,,,,,,,,,,,,,,,,1,6,30,12,,,,,,,,,,,,,,,,,,,,,,,,,,,231,loss,,,,,,1108.886403299868,1108.886403299868,1108.886403299868,1108.886403299868,0,,,0,,,1,0.02716229995712638,0.027166900224983692,0,,,1108.886403299868,1108.886403299868,1108.886403299868,1108.886403299868,11,C,2024-04-19_11h15.57.675,attentional_competition_task,2022.2.4,143.99884794680085,
positions.xlsx,positions_test.xlsx,positions_test_new.xlsx,stimuli.xlsx,stimuli_new.xlsx,stimuli/Social3.png,stimuli/Social4.png,stimuli/Nonsocial3.png,stimuli/Nonsocial4.png,stimuli/Social1.png,stimuli/Social2.png,stimuli/Nonsocial1.png,stimuli/Nonsocial2.png,,,"(-0.7, -0.5)",cs_pos_ns,"(-0.7, 0.5)",cs_neg_s,"(0.7, -0.5)",cs_neg_ns,"(0.7, 0.5)",cs_pos_s,0,0,0,0,,,,,,,,,,,,,,,,,,,,,1,7,31,23,,,,,,,,,,,,,,,,,,,,,,,,,,,234,reward,,,,,,1117.8581944000907,1117.8581944000907,1117.8581944000907,1117.8581944000907,0,,,0,,,0,,,1,0.029686300083994865,0.02969089988619089,1117.8581944000907,1117.8581944000907,1117.8581944000907,1117.8581944000907,11,C,2024-04-19_11h15.57.675,attentional_competition_task,2022.2.4,143.99884794680085,
positions.xlsx,positions_test.xlsx,positions_test_new.xlsx,stimuli.xlsx,stimuli_new.xlsx,stimuli/Social3.png,stimuli/Social4.png,stimuli/Nonsocial3.png,stimuli/Nonsocial4.png,stimuli/Social1.png,stimuli/Social2.png,stimuli/Nonsocial1.png,stimuli/Nonsocial2.png,,,"(-0.7, -0.5)",cs_neg_ns,"(-0.7, 0.5)",cs_pos_ns,"(0.7, -0.5)",cs_pos_s,"(0.7, 0.5)",cs_neg_s,0,0,0,0,,,,,,,,,,,,,,,,,,,,,1,8,32,16,,,,,,,,,,,,,,,,,,,,,,,,,,,240,reward,,,,,,1124.9343110001646,1124.9343110001646,1124.9343110001646,1124.9343110001646,0,,,1,0.5929288999177516,0.5929336999543011,1,0.030817999970167875,0.41928489971905947,0,,,1125.5245473003015,1125.5245473003015,1125.5245473003015,1125.5245473003015,11,C,2024-04-19_11h15.57.675,attentional_competition_task,2022.2.4,143.99884794680085,
positions.xlsx,positions_test.xlsx,positions_test_new.xlsx,stimuli.xlsx,stimuli_new.xlsx,stimuli/Social3.png,stimuli/Social4.png,stimuli/Nonsocial3.png,stimuli/Nonsocial4.png,stimuli/Social1.png,stimuli/Social2.png,stimuli/Nonsocial1.png,stimuli/Nonsocial2.png,,,"(-0.7, -0.5)",cs_neg_s,"(-0.7, 0.5)",cs_pos_ns,"(0.7, -0.5)",cs_neg_ns,"(0.7, 0.5)",cs_pos_s,0,0,0,0,,,,,,,,,,,,,,,,,,,,,1,9,33,5,,,,,,,,,,,,,,,,,,,,,,,,,,,243,loss,,,,,,1134.76028890023,1134.76028890023,1134.76028890023,1134.76028890023,1,0.02301180036738515,0.023015800397843122,0,,,0,,,0,,,1134.76028890023,1134.76028890023,1134.76028890023,1134.76028890023,11,C,2024-04-19_11h15.57.675,attentional_competition_task,2022.2.4,143.99884794680085,
positions.xlsx,positions_test.xlsx,positions_test_new.xlsx,stimuli.xlsx,stimuli_new.xlsx,stimuli/Social3.png,stimuli/Social4.png,stimuli/Nonsocial3.png,stimuli/Nonsocial4.png,stimuli/Social1.png,stimuli/Social2.png,stimuli/Nonsocial1.png,stimuli/Nonsocial2.png,,,"(-0.7, -0.5)",cs_pos_ns,"(-0.7, 0.5)",cs_neg_ns,"(0.7, -0.5)",cs_neg_s,"(0.7, 0.5)",cs_pos_s,0,0,0,0,,,,,,,,,,,,,,,,,,,,,1,10,34,21,,,,,,,,,,,,,,,,,,,,,,,,,,,246,loss,,,,,,1143.780768699944,1143.780768699944,1143.780768699944,1143.780768699944,0,,,1,0.024695999920368195,0.02470069983974099,0,,,0,,,1143.780768699944,1143.780768699944,1143.780768699944,1143.780768699944,11,C,2024-04-19_11h15.57.675,attentional_competition_task,2022.2.4,143.99884794680085,
positions.xlsx,positions_test.xlsx,positions_test_new.xlsx,stimuli.xlsx,stimuli_new.xlsx,stimuli/Social3.png,stimuli/Social4.png,stimuli/Nonsocial3.png,stimuli/Nonsocial4.png,stimuli/Social1.png,stimuli/Social2.png,stimuli/Nonsocial1.png,stimuli/Nonsocial2.png,,,"(-0.7, -0.5)",cs_pos_s,"(-0.7, 0.5)",cs_pos_ns,"(0.7, -0.5)",cs_neg_ns,"(0.7, 0.5)",cs_neg_s,0,0,0,0,,,,,,,,,,,,,,,,,,,,,1,11,35,11,,,,,,,,,,,,,,,,,,,,,,,,,,,255,reward,,,,,,1152.5512573998421,1152.5512573998421,1152.5512573998421,1152.5512573998421,0,,,1,0.023445500060915947,0.427182300016284,0,,,0,,,1153.4818012001924,1153.4818012001924,1153.4818012001924,1153.4818012001924,11,C,2024-04-19_11h15.57.675,attentional_competition_task,2022.2.4,143.99884794680085,
positions.xlsx,positions_test.xlsx,positions_test_new.xlsx,stimuli.xlsx,stimuli_new.xlsx,stimuli/Social3.png,stimuli/Social4.png,stimuli/Nonsocial3.png,stimuli/Nonsocial4.png,stimuli/Social1.png,stimuli/Social2.png,stimuli/Nonsocial1.png,stimuli/Nonsocial2.png,,,"(-0.7, -0.5)",cs_pos_ns,"(-0.7, 0.5)",cs_pos_s,"(0.7, -0.5)",cs_neg_s,"(0.7, 0.5)",cs_neg_ns,0,0,0,0,,,,,,,,,,,,,,,,,,,,,1,12,36,19,,,,,,,,,,,,,,,,,,,,,,,,,,,264,reward,,,,,,1161.1134295999072,1161.1134295999072,1161.1134295999072,1161.1134295999072,0,,,1,0.022649199701845646,0.37113389978185296,0,,,0,,,1161.9953282000497,1161.9953282000497,1161.9953282000497,1161.9953282000497,11,C,2024-04-19_11h15.57.675,attentional_competition_task,2022.2.4,143.99884794680085,
positions.xlsx,positions_test.xlsx,positions_test_new.xlsx,stimuli.xlsx,stimuli_new.xlsx,stimuli/Social3.png,stimuli/Social4.png,stimuli/Nonsocial3.png,stimuli/Nonsocial4.png,stimuli/Social1.png,stimuli/Social2.png,stimuli/Nonsocial1.png,stimuli/Nonsocial2.png,,,"(-0.7, -0.5)",cs_pos_s,"(-0.7, 0.5)",cs_neg_ns,"(0.7, -0.5)",cs_pos_ns,"(0.7, 0.5)",cs_neg_s,0,0,0,0,,,,,,,,,,,,,,,,,,,,,1,13,37,9,,,,,,,,,,,,,,,,,,,,,,,,,,,273,reward,,,,,,1170.640845200047,1170.640845200047,1170.640845200047,1170.640845200047,0,,,0,,,1,0.029434400144964457,0.13265160005539656,0,,,1171.3561038998887,1171.3561038998887,1171.3561038998887,1171.3561038998887,11,C,2024-04-19_11h15.57.675,attentional_competition_task,2022.2.4,143.99884794680085,
positions.xlsx,positions_test.xlsx,positions_test_new.xlsx,stimuli.xlsx,stimuli_new.xlsx,stimuli/Social3.png,stimuli/Social4.png,stimuli/Nonsocial3.png,stimuli/Nonsocial4.png,stimuli/Social1.png,stimuli/Social2.png,stimuli/Nonsocial1.png,stimuli/Nonsocial2.png,,,"(-0.7, -0.5)",cs_neg_s,"(-0.7, 0.5)",cs_pos_ns,"(0.7, -0.5)",cs_pos_s,"(0.7, 0.5)",cs_neg_ns,0,0,0,0,,,,,,,,,,,,,,,,,,,,,1,14,38,4,,,,,,,,,,,,,,,,,,,,,,,,,,,282,reward,,,,,,1179.0640672999434,1179.0640672999434,1179.0640672999434,1179.0640672999434,1,0.12792540015652776,0.1347940000705421,1,0.023370600305497646,0.121227300260216,0,,,0,,,1179.7098656999879,1179.7098656999879,1179.7098656999879,1179.7098656999879,11,C,2024-04-19_11h15.57.675,attentional_competition_task,2022.2.4,143.99884794680085,
positions.xlsx,positions_test.xlsx,positions_test_new.xlsx,stimuli.xlsx,stimuli_new.xlsx,stimuli/Social3.png,stimuli/Social4.png,stimuli/Nonsocial3.png,stimuli/Nonsocial4.png,stimuli/Social1.png,stimuli/Social2.png,stimuli/Nonsocial1.png,stimuli/Nonsocial2.png,,,"(-0.7, -0.5)",cs_neg_s,"(-0.7, 0.5)",cs_pos_s,"(0.7, -0.5)",cs_neg_ns,"(0.7, 0.5)",cs_pos_ns,0,0,0,0,,,,,,,,,,,,,,,,,,,,,1,15,39,0,,,,,,,,,,,,,,,,,,,,,,,,,,,291,reward,,,,,,1187.4873645002954,1187.4873645002954,1187.4873645002954,1187.4873645002954,0,,,0,,,0,,,1,0.032163099851459265,0.26748509984463453,1188.2581752999686,1188.2581752999686,1188.2581752999686,1188.2581752999686,11,C,2024-04-19_11h15.57.675,attentional_competition_task,2022.2.4,143.99884794680085,
positions.xlsx,positions_test.xlsx,positions_test_new.xlsx,stimuli.xlsx,stimuli_new.xlsx,stimuli/Social3.png,stimuli/Social4.png,stimuli/Nonsocial3.png,stimuli/Nonsocial4.png,stimuli/Social1.png,stimuli/Social2.png,stimuli/Nonsocial1.png,stimuli/Nonsocial2.png,,,"(-0.7, -0.5)",cs_pos_s,"(-0.7, 0.5)",cs_neg_s,"(0.7, -0.5)",cs_pos_ns,"(0.7, 0.5)",cs_neg_ns,0,0,0,0,,,,,,,,,,,,,,,,,,,,,1,16,40,7,,,,,,,,,,,,,,,,,,,,,,,,,,,294,reward,,,,,,1195.8134113000706,1195.8134113000706,1195.8134113000706,1195.8134113000706,0,,,0,,,1,0.030671299900859594,0.030675800051540136,0,,,1195.8134113000706,1195.8134113000706,1195.8134113000706,1195.8134113000706,11,C,2024-04-19_11h15.57.675,attentional_competition_task,2022.2.4,143.99884794680085,
positions.xlsx,positions_test.xlsx,positions_test_new.xlsx,stimuli.xlsx,stimuli_new.xlsx,stimuli/Social3.png,stimuli/Social4.png,stimuli/Nonsocial3.png,stimuli/Nonsocial4.png,stimuli/Social1.png,stimuli/Social2.png,stimuli/Nonsocial1.png,stimuli/Nonsocial2.png,,,"(-0.7, -0.5)",cs_neg_ns,"(-0.7, 0.5)",cs_pos_s,"(0.7, -0.5)",cs_pos_ns,"(0.7, 0.5)",cs_neg_s,0,0,0,0,,,,,,,,,,,,,,,,,,,,,1,17,41,13,,,,,,,,,,,,,,,,,,,,,,,,,,,303,reward,,,,,,1205.1880629002117,1205.1880629002117,1205.1880629002117,1205.1880629002117,0,,,0,,,1,0.030213000252842903,0.26710240030661225,0,,,1205.951947499998,1205.951947499998,1205.951947499998,1205.951947499998,11,C,2024-04-19_11h15.57.675,attentional_competition_task,2022.2.4,143.99884794680085,
positions.xlsx,positions_test.xlsx,positions_test_new.xlsx,stimuli.xlsx,stimuli_new.xlsx,stimuli/Social3.png,stimuli/Social4.png,stimuli/Nonsocial3.png,stimuli/Nonsocial4.png,stimuli/Social1.png,stimuli/Social2.png,stimuli/Nonsocial1.png,stimuli/Nonsocial2.png,,,"(-0.7, -0.5)",cs_neg_s,"(-0.7, 0.5)",cs_pos_s,"(0.7, -0.5)",cs_pos_ns,"(0.7, 0.5)",cs_neg_ns,0,0,0,0,,,,,,,,,,,,,,,,,,,,,1,18,42,1,,,,,,,,,,,,,,,,,,,,,,,,,,,306,reward,,,,,,1214.0626560002565,1214.0626560002565,1214.0626560002565,1214.0626560002565,0,,,1,0.023700399789959192,0.02370519982650876,0,,,0,,,1214.0626560002565,1214.0626560002565,1214.0626560002565,1214.0626560002565,11,C,2024-04-19_11h15.57.675,attentional_competition_task,2022.2.4,143.99884794680085,
positions.xlsx,positions_test.xlsx,positions_test_new.xlsx,stimuli.xlsx,stimuli_new.xlsx,stimuli/Social3.png,stimuli/Social4.png,stimuli/Nonsocial3.png,stimuli/Nonsocial4.png,stimuli/Social1.png,stimuli/Social2.png,stimuli/Nonsocial1.png,stimuli/Nonsocial2.png,,,"(-0.7, -0.5)",cs_pos_s,"(-0.7, 0.5)",cs_neg_s,"(0.7, -0.5)",cs_neg_ns,"(0.7, 0.5)",cs_pos_ns,0,0,0,0,,,,,,,,,,,,,,,,,,,,,1,19,43,6,,,,,,,,,,,,,,,,,,,,,,,,,,,315,reward,,,,,,1222.4720990001224,1222.4720990001224,1222.4720990001224,1222.4720990001224,0,,,0,,,0,,,1,0.028565899934619665,0.11562700010836124,1223.0901492000557,1223.0901492000557,1223.0901492000557,1223.0901492000557,11,C,2024-04-19_11h15.57.675,attentional_competition_task,2022.2.4,143.99884794680085,
positions.xlsx,positions_test.xlsx,positions_test_new.xlsx,stimuli.xlsx,stimuli_new.xlsx,stimuli/Social3.png,stimuli/Social4.png,stimuli/Nonsocial3.png,stimuli/Nonsocial4.png,stimuli/Social1.png,stimuli/Social2.png,stimuli/Nonsocial1.png,stimuli/Nonsocial2.png,,,"(-0.7, -0.5)",cs_pos_ns,"(-0.7, 0.5)",cs_neg_s,"(0.7, -0.5)",cs_pos_s,"(0.7, 0.5)",cs_neg_ns,0,0,0,0,,,,,,,,,,,,,,,,,,,,,1,20,44,22,,,,,,,,,,,,,,,,,,,,,,,,,,,324,reward,,,,,,1231.0064711002633,1231.0064711002633,1231.0064711002633,1231.0064711002633,1,0.030680800322443247,0.14807530026882887,0,,,0,,,0,,,1231.9717369000427,1231.9717369000427,1231.9717369000427,1231.9717369000427,11,C,2024-04-19_11h15.57.675,attentional_competition_task,2022.2.4,143.99884794680085,
positions.xlsx,positions_test.xlsx,positions_test_new.xlsx,stimuli.xlsx,stimuli_new.xlsx,stimuli/Social3.png,stimuli/Social4.png,stimuli/Nonsocial3.png,stimuli/Nonsocial4.png,stimuli/Social1.png,stimuli/Social2.png,stimuli/Nonsocial1.png,stimuli/Nonsocial2.png,,,"(-0.7, -0.5)",cs_pos_ns,"(-0.7, 0.5)",cs_neg_ns,"(0.7, -0.5)",cs_pos_s,"(0.7, 0.5)",cs_neg_s,0,0,0,0,,,,,,,,,,,,,,,,,,,,,1,21,45,20,,,,,,,,,,,,,,,,,,,,,,,,,,,333,reward,,,,,,1239.0061066001654,1239.0061066001654,1239.0061066001654,1239.0061066001654,1,0.0232421001419425,0.0871675000526011,0,,,0,,,0,,,1239.8672144999728,1239.8672144999728,1239.8672144999728,1239.8672144999728,11,C,2024-04-19_11h15.57.675,attentional_competition_task,2022.2.4,143.99884794680085,
positions.xlsx,positions_test.xlsx,positions_test_new.xlsx,stimuli.xlsx,stimuli_new.xlsx,stimuli/Social3.png,stimuli/Social4.png,stimuli/Nonsocial3.png,stimuli/Nonsocial4.png,stimuli/Social1.png,stimuli/Social2.png,stimuli/Nonsocial1.png,stimuli/Nonsocial2.png,,,"(-0.7, -0.5)",cs_neg_s,"(-0.7, 0.5)",cs_neg_ns,"(0.7, -0.5)",cs_pos_s,"(0.7, 0.5)",cs_pos_ns,0,0,0,0,,,,,,,,,,,,,,,,,,,,,1,22,46,2,,,,,,,,,,,,,,,,,,,,,,,,,,,342,reward,,,,,,1246.658602700103,1246.658602700103,1246.658602700103,1246.658602700103,0,,,0,,,0,,,0,,,1247.5336150000803,1247.5336150000803,1247.5336150000803,1247.5336150000803,11,C,2024-04-19_11h15.57.675,attentional_competition_task,2022.2.4,143.99884794680085,
positions.xlsx,positions_test.xlsx,positions_test_new.xlsx,stimuli.xlsx,stimuli_new.xlsx,stimuli/Social3.png,stimuli/Social4.png,stimuli/Nonsocial3.png,stimuli/Nonsocial4.png,stimuli/Social1.png,stimuli/Social2.png,stimuli/Nonsocial1.png,stimuli/Nonsocial2.png,,,"(-0.7, -0.5)",cs_neg_s,"(-0.7, 0.5)",cs_neg_ns,"(0.7, -0.5)",cs_pos_ns,"(0.7, 0.5)",cs_pos_s,0,0,0,0,,,,,,,,,,,,,,,,,,,,,1,23,47,3,,,,,,,,,,,,,,,,,,,,,,,,,,,351,reward,,,,,,1255.51932880003,1255.51932880003,1255.51932880003,1255.51932880003,0,,,0,,,0,,,0,,,1256.3804665002972,1256.3804665002972,1256.3804665002972,1256.3804665002972,11,C,2024-04-19_11h15.57.675,attentional_competition_task,2022.2.4,143.99884794680085,
positions.xlsx,positions_test.xlsx,positions_test_new.xlsx,stimuli.xlsx,stimuli_new.xlsx,stimuli/Social3.png,stimuli/Social4.png,stimuli/Nonsocial3.png,stimuli/Nonsocial4.png,stimuli/Social1.png,stimuli/Social2.png,stimuli/Nonsocial1.png,stimuli/Nonsocial2.png,,,"(-0.7, -0.5)",cs_pos_s,"(-0.7, 0.5)",cs_pos_ns,"(0.7, -0.5)",cs_neg_ns,"(0.7, 0.5)",cs_neg_s,0,0,0,0,,,,,,,,,,,,,,,,,,,,,,,,,,,,,0,0,0,2,0,0,0,0,,,,,,,,,,,,,,,348,loss,,,,,,1262.49128070008,1262.49128070008,1262.49128070008,1262.49128070008,0,,,0,,,1,0.9399445001035929,0.9399496000260115,0,,,1263.4357084999792,1263.4357084999792,1263.4357084999792,1263.4357084999792,11,C,2024-04-19_11h15.57.675,attentional_competition_task,2022.2.4,143.99884794680085,
positions.xlsx,positions_test.xlsx,positions_test_new.xlsx,stimuli.xlsx,stimuli_new.xlsx,stimuli/Social3.png,stimuli/Social4.png,stimuli/Nonsocial3.png,stimuli/Nonsocial4.png,stimuli/Social1.png,stimuli/Social2.png,stimuli/Nonsocial1.png,stimuli/Nonsocial2.png,,,"(-0.7, -0.5)",cs_pos_s,"(-0.7, 0.5)",cs_pos_ns,"(0.7, -0.5)",cs_neg_ns,"(0.7, 0.5)",cs_neg_s,0,0,0,0,,,,,,,,,,,,,,,,,,,,,,,,,,,,,0,0,0,2,1,0,1,0,,,,,,,,,,,,,,,351,reward,,,,,,1263.963466499932,1263.963466499932,1263.963466499932,1263.963466499932,0,,,1,0.02806450007483363,0.028069099877029657,0,,,0,,,1263.963466499932,1263.963466499932,1263.963466499932,1263.963466499932,11,C,2024-04-19_11h15.57.675,attentional_competition_task,2022.2.4,143.99884794680085,
positions.xlsx,positions_test.xlsx,positions_test_new.xlsx,stimuli.xlsx,stimuli_new.xlsx,stimuli/Social3.png,stimuli/Social4.png,stimuli/Nonsocial3.png,stimuli/Nonsocial4.png,stimuli/Social1.png,stimuli/Social2.png,stimuli/Nonsocial1.png,stimuli/Nonsocial2.png,,,"(-0.7, -0.5)",cs_pos_s,"(-0.7, 0.5)",cs_pos_ns,"(0.7, -0.5)",cs_neg_ns,"(0.7, 0.5)",cs_neg_s,0,0,0,0,,,,,,,,,,,,,,,,,,,,,,,,,,,,,0,0,0,2,2,0,2,0,,,,,,,,,,,,,,,354,reward,,,,,,1264.9981402000412,1264.9981402000412,1264.9981402000412,1264.9981402000412,1,0.02526000002399087,0.02526440005749464,0,,,0,,,0,,,1264.9981402000412,1264.9981402000412,1264.9981402000412,1264.9981402000412,11,C,2024-04-19_11h15.57.675,attentional_competition_task,2022.2.4,143.99884794680085,
positions.xlsx,positions_test.xlsx,positions_test_new.xlsx,stimuli.xlsx,stimuli_new.xlsx,stimuli/Social3.png,stimuli/Social4.png,stimuli/Nonsocial3.png,stimuli/Nonsocial4.png,stimuli/Social1.png,stimuli/Social2.png,stimuli/Nonsocial1.png,stimuli/Nonsocial2.png,,,"(-0.7, -0.5)",cs_pos_s,"(-0.7, 0.5)",cs_pos_ns,"(0.7, -0.5)",cs_neg_ns,"(0.7, 0.5)",cs_neg_s,0,0,0,0,,,,,,,,,,,,,,,,,,,,,,,,,,,,,0,0,0,2,,,,,,,,,,,,,,,,,,,,,,,,,,,,,,,,,,,,,,,,,,,,,,11,C,2024-04-19_11h15.57.675,attentional_competition_task,2022.2.4,143.99884794680085,
positions.xlsx,positions_test.xlsx,positions_test_new.xlsx,stimuli.xlsx,stimuli_new.xlsx,stimuli/Social3.png,stimuli/Social4.png,stimuli/Nonsocial3.png,stimuli/Nonsocial4.png,stimuli/Social1.png,stimuli/Social2.png,stimuli/Nonsocial1.png,stimuli/Nonsocial2.png,,,"(-0.7, -0.5)",cs_neg_s,"(-0.7, 0.5)",cs_pos_s,"(0.7, -0.5)",cs_pos_ns,"(0.7, 0.5)",cs_neg_ns_new,0,0,0,0,,,,,,,,,,,,,,,,,,,,,,,,,,,,,0,1,1,21,0,0,0,0,,,,,,,,,,,,,,,357,reward,,,,,,1271.3243682002649,1271.3243682002649,1271.3243682002649,1271.3243682002649,0,,,1,0.9753316999413073,0.9753366000950336,0,,,0,,,1272.3103658999316,1272.3103658999316,1272.3103658999316,1272.3103658999316,11,C,2024-04-19_11h15.57.675,attentional_competition_task,2022.2.4,143.99884794680085,
positions.xlsx,positions_test.xlsx,positions_test_new.xlsx,stimuli.xlsx,stimuli_new.xlsx,stimuli/Social3.png,stimuli/Social4.png,stimuli/Nonsocial3.png,stimuli/Nonsocial4.png,stimuli/Social1.png,stimuli/Social2.png,stimuli/Nonsocial1.png,stimuli/Nonsocial2.png,,,"(-0.7, -0.5)",cs_neg_s,"(-0.7, 0.5)",cs_pos_s,"(0.7, -0.5)",cs_pos_ns,"(0.7, 0.5)",cs_neg_ns_new,0,0,0,0,,,,,,,,,,,,,,,,,,,,,,,,,,,,,0,1,1,21,1,0,1,0,,,,,,,,,,,,,,,354,loss,,,,,,1272.8380821999162,1272.8380821999162,1272.8380821999162,1272.8380821999162,0,,,0,,,0,,,1,0.02594870002940297,0.025953100062906742,1272.8380821999162,1272.8380821999162,1272.8380821999162,1272.8380821999162,11,C,2024-04-19_11h15.57.675,attentional_competition_task,2022.2.4,143.99884794680085,
positions.xlsx,positions_test.xlsx,positions_test_new.xlsx,stimuli.xlsx,stimuli_new.xlsx,stimuli/Social3.png,stimuli/Social4.png,stimuli/Nonsocial3.png,stimuli/Nonsocial4.png,stimuli/Social1.png,stimuli/Social2.png,stimuli/Nonsocial1.png,stimuli/Nonsocial2.png,,,"(-0.7, -0.5)",cs_neg_s,"(-0.7, 0.5)",cs_pos_s,"(0.7, -0.5)",cs_pos_ns,"(0.7, 0.5)",cs_neg_ns_new,0,0,0,0,,,,,,,,,,,,,,,,,,,,,,,,,,,,,0,1,1,21,,,,,,,,,,,,,,,,,,,,,,,,,,,,,,,,,,,,,,,,,,,,,,11,C,2024-04-19_11h15.57.675,attentional_competition_task,2022.2.4,143.99884794680085,
positions.xlsx,positions_test.xlsx,positions_test_new.xlsx,stimuli.xlsx,stimuli_new.xlsx,stimuli/Social3.png,stimuli/Social4.png,stimuli/Nonsocial3.png,stimuli/Nonsocial4.png,stimuli/Social1.png,stimuli/Social2.png,stimuli/Nonsocial1.png,stimuli/Nonsocial2.png,,,"(-0.7, -0.5)",cs_pos_s,"(-0.7, 0.5)",cs_pos_ns,"(0.7, -0.5)",cs_neg_ns_new,"(0.7, 0.5)",cs_neg_s,0,0,0,0,,,,,,,,,,,,,,,,,,,,,,,,,,,,,0,2,2,27,0,0,0,0,,,,,,,,,,,,,,,357,reward,,,,,,1280.115586699918,1280.115586699918,1280.115586699918,1280.115586699918,1,0.8006083001382649,0.8076011002995074,0,,,0,,,0,,,1280.9350427999161,1280.9350427999161,1280.9350427999161,1280.9350427999161,11,C,2024-04-19_11h15.57.675,attentional_competition_task,2022.2.4,143.99884794680085,
positions.xlsx,positions_test.xlsx,positions_test_new.xlsx,stimuli.xlsx,stimuli_new.xlsx,stimuli/Social3.png,stimuli/Social4.png,stimuli/Nonsocial3.png,stimuli/Nonsocial4.png,stimuli/Social1.png,stimuli/Social2.png,stimuli/Nonsocial1.png,stimuli/Nonsocial2.png,,,"(-0.7, -0.5)",cs_pos_s,"(-0.7, 0.5)",cs_pos_ns,"(0.7, -0.5)",cs_neg_ns_new,"(0.7, 0.5)",cs_neg_s,0,0,0,0,,,,,,,,,,,,,,,,,,,,,,,,,,,,,0,2,2,27,1,0,1,0,,,,,,,,,,,,,,,354,loss,,,,,,1281.4697118001059,1281.4697118001059,1281.4697118001059,1281.4697118001059,0,,,0,,,1,0.03170609986409545,0.03171089990064502,0,,,1281.4697118001059,1281.4697118001059,1281.4697118001059,1281.4697118001059,11,C,2024-04-19_11h15.57.675,attentional_competition_task,2022.2.4,143.99884794680085,
positions.xlsx,positions_test.xlsx,positions_test_new.xlsx,stimuli.xlsx,stimuli_new.xlsx,stimuli/Social3.png,stimuli/Social4.png,stimuli/Nonsocial3.png,stimuli/Nonsocial4.png,stimuli/Social1.png,stimuli/Social2.png,stimuli/Nonsocial1.png,stimuli/Nonsocial2.png,,,"(-0.7, -0.5)",cs_pos_s,"(-0.7, 0.5)",cs_pos_ns,"(0.7, -0.5)",cs_neg_ns_new,"(0.7, 0.5)",cs_neg_s,0,0,0,0,,,,,,,,,,,,,,,,,,,,,,,,,,,,,0,2,2,27,2,0,2,0,,,,,,,,,,,,,,,357,reward,,,,,,1282.0044177998789,1282.0044177998789,1282.0044177998789,1282.0044177998789,0,,,1,0.030013199895620346,0.03001839993521571,0,,,0,,,1282.0044177998789,1282.0044177998789,1282.0044177998789,1282.0044177998789,11,C,2024-04-19_11h15.57.675,attentional_competition_task,2022.2.4,143.99884794680085,
positions.xlsx,positions_test.xlsx,positions_test_new.xlsx,stimuli.xlsx,stimuli_new.xlsx,stimuli/Social3.png,stimuli/Social4.png,stimuli/Nonsocial3.png,stimuli/Nonsocial4.png,stimuli/Social1.png,stimuli/Social2.png,stimuli/Nonsocial1.png,stimuli/Nonsocial2.png,,,"(-0.7, -0.5)",cs_pos_s,"(-0.7, 0.5)",cs_pos_ns,"(0.7, -0.5)",cs_neg_ns_new,"(0.7, 0.5)",cs_neg_s,0,0,0,0,,,,,,,,,,,,,,,,,,,,,,,,,,,,,0,2,2,27,,,,,,,,,,,,,,,,,,,,,,,,,,,,,,,,,,,,,,,,,,,,,,11,C,2024-04-19_11h15.57.675,attentional_competition_task,2022.2.4,143.99884794680085,
positions.xlsx,positions_test.xlsx,positions_test_new.xlsx,stimuli.xlsx,stimuli_new.xlsx,stimuli/Social3.png,stimuli/Social4.png,stimuli/Nonsocial3.png,stimuli/Nonsocial4.png,stimuli/Social1.png,stimuli/Social2.png,stimuli/Nonsocial1.png,stimuli/Nonsocial2.png,,,"(-0.7, -0.5)",cs_pos_ns,"(-0.7, 0.5)",cs_neg_ns_new,"(0.7, -0.5)",cs_pos_s,"(0.7, 0.5)",cs_neg_s,0,0,0,0,,,,,,,,,,,,,,,,,,,,,,,,,,,,,0,3,3,20,0,0,0,0,,,,,,,,,,,,,,,360,reward,,,,,,1288.073613199871,1288.073613199871,1288.073613199871,1288.073613199871,0,,,0,,,1,0.54433359997347,0.5443381001241505,0,,,1288.6222319002263,1288.6222319002263,1288.6222319002263,1288.6222319002263,11,C,2024-04-19_11h15.57.675,attentional_competition_task,2022.2.4,143.99884794680085,
positions.xlsx,positions_test.xlsx,positions_test_new.xlsx,stimuli.xlsx,stimuli_new.xlsx,stimuli/Social3.png,stimuli/Social4.png,stimuli/Nonsocial3.png,stimuli/Nonsocial4.png,stimuli/Social1.png,stimuli/Social2.png,stimuli/Nonsocial1.png,stimuli/Nonsocial2.png,,,"(-0.7, -0.5)",cs_pos_ns,"(-0.7, 0.5)",cs_neg_ns_new,"(0.7, -0.5)",cs_pos_s,"(0.7, 0.5)",cs_neg_s,0,0,0,0,,,,,,,,,,,,,,,,,,,,,,,,,,,,,0,3,3,20,1,0,1,0,,,,,,,,,,,,,,,363,reward,,,,,,1289.1569043998607,1289.1569043998607,1289.1569043998607,1289.1569043998607,1,0.031178600154817104,0.031183499842882156,0,,,0,,,0,,,1289.1569043998607,1289.1569043998607,1289.1569043998607,1289.1569043998607,11,C,2024-04-19_11h15.57.675,attentional_competition_task,2022.2.4,143.99884794680085,
positions.xlsx,positions_test.xlsx,positions_test_new.xlsx,stimuli.xlsx,stimuli_new.xlsx,stimuli/Social3.png,stimuli/Social4.png,stimuli/Nonsocial3.png,stimuli/Nonsocial4.png,stimuli/Social1.png,stimuli/Social2.png,stimuli/Nonsocial1.png,stimuli/Nonsocial2.png,,,"(-0.7, -0.5)",cs_pos_ns,"(-0.7, 0.5)",cs_neg_ns_new,"(0.7, -0.5)",cs_pos_s,"(0.7, 0.5)",cs_neg_s,0,0,0,0,,,,,,,,,,,,,,,,,,,,,,,,,,,,,0,3,3,20,2,0,2,0,,,,,,,,,,,,,,,360,loss,,,,,,1289.6569027998485,1289.6569027998485,1289.6569027998485,1289.6569027998485,1,0.02713409997522831,0.0973475999198854,0,,,0,,,1,0.33479239977896214,0.33479740004986525,1289.9971296000294,1289.9971296000294,1289.9971296000294,1289.9971296000294,11,C,2024-04-19_11h15.57.675,attentional_competition_task,2022.2.4,143.99884794680085,
positions.xlsx,positions_test.xlsx,positions_test_new.xlsx,stimuli.xlsx,stimuli_new.xlsx,stimuli/Social3.png,stimuli/Social4.png,stimuli/Nonsocial3.png,stimuli/Nonsocial4.png,stimuli/Social1.png,stimuli/Social2.png,stimuli/Nonsocial1.png,stimuli/Nonsocial2.png,,,"(-0.7, -0.5)",cs_pos_ns,"(-0.7, 0.5)",cs_neg_ns_new,"(0.7, -0.5)",cs_pos_s,"(0.7, 0.5)",cs_neg_s,0,0,0,0,,,,,,,,,,,,,,,,,,,,,,,,,,,,,0,3,3,20,,,,,,,,,,,,,,,,,,,,,,,,,,,,,,,,,,,,,,,,,,,,,,11,C,2024-04-19_11h15.57.675,attentional_competition_task,2022.2.4,143.99884794680085,
positions.xlsx,positions_test.xlsx,positions_test_new.xlsx,stimuli.xlsx,stimuli_new.xlsx,stimuli/Social3.png,stimuli/Social4.png,stimuli/Nonsocial3.png,stimuli/Nonsocial4.png,stimuli/Social1.png,stimuli/Social2.png,stimuli/Nonsocial1.png,stimuli/Nonsocial2.png,,,"(-0.7, -0.5)",cs_neg_ns,"(-0.7, 0.5)",cs_neg_s,"(0.7, -0.5)",cs_pos_s,"(0.7, 0.5)",cs_pos_ns,0,0,0,0,,,,,,,,,,,,,,,,,,,,,,,,,,,,,0,4,4,3,0,0,0,0,,,,,,,,,,,,,,,363,reward,,,,,,1296.6079782000743,1296.6079782000743,1296.6079782000743,1296.6079782000743,0,,,0,,,1,0.5714305997826159,0.5714352000504732,0,,,1297.1843813001178,1297.1843813001178,1297.1843813001178,1297.1843813001178,11,C,2024-04-19_11h15.57.675,attentional_competition_task,2022.2.4,143.99884794680085,
positions.xlsx,positions_test.xlsx,positions_test_new.xlsx,stimuli.xlsx,stimuli_new.xlsx,stimuli/Social3.png,stimuli/Social4.png,stimuli/Nonsocial3.png,stimuli/Nonsocial4.png,stimuli/Social1.png,stimuli/Social2.png,stimuli/Nonsocial1.png,stimuli/Nonsocial2.png,,,"(-0.7, -0.5)",cs_neg_ns,"(-0.7, 0.5)",cs_neg_s,"(0.7, -0.5)",cs_pos_s,"(0.7, 0.5)",cs_pos_ns,0,0,0,0,,,,,,,,,,,,,,,,,,,,,,,,,,,,,0,4,4,3,1,0,1,0,,,,,,,,,,,,,,,366,reward,,,,,,1297.7190662999637,1297.7190662999637,1297.7190662999637,1297.7190662999637,0,,,0,,,0,,,1,0.029088499955832958,0.029092799872159958,1297.7190662999637,1297.7190662999637,1297.7190662999637,1297.7190662999637,11,C,2024-04-19_11h15.57.675,attentional_competition_task,2022.2.4,143.99884794680085,
positions.xlsx,positions_test.xlsx,positions_test_new.xlsx,stimuli.xlsx,stimuli_new.xlsx,stimuli/Social3.png,stimuli/Social4.png,stimuli/Nonsocial3.png,stimuli/Nonsocial4.png,stimuli/Social1.png,stimuli/Social2.png,stimuli/Nonsocial1.png,stimuli/Nonsocial2.png,,,"(-0.7, -0.5)",cs_neg_ns,"(-0.7, 0.5)",cs_neg_s,"(0.7, -0.5)",cs_pos_s,"(0.7, 0.5)",cs_pos_ns,0,0,0,0,,,,,,,,,,,,,,,,,,,,,,,,,,,,,0,4,4,3,2,0,2,0,,,,,,,,,,,,,,,363,loss,,,,,,1298.2190434001386,1298.2190434001386,1298.2190434001386,1298.2190434001386,1,0.3228887999430299,0.3228934002108872,0,,,0,,,0,,,1298.5454128002748,1298.5454128002748,1298.5454128002748,1298.5454128002748,11,C,2024-04-19_11h15.57.675,attentional_competition_task,2022.2.4,143.99884794680085,
positions.xlsx,positions_test.xlsx,positions_test_new.xlsx,stimuli.xlsx,stimuli_new.xlsx,stimuli/Social3.png,stimuli/Social4.png,stimuli/Nonsocial3.png,stimuli/Nonsocial4.png,stimuli/Social1.png,stimuli/Social2.png,stimuli/Nonsocial1.png,stimuli/Nonsocial2.png,,,"(-0.7, -0.5)",cs_neg_ns,"(-0.7, 0.5)",cs_neg_s,"(0.7, -0.5)",cs_pos_s,"(0.7, 0.5)",cs_pos_ns,0,0,0,0,,,,,,,,,,,,,,,,,,,,,,,,,,,,,0,4,4,3,,,,,,,,,,,,,,,,,,,,,,,,,,,,,,,,,,,,,,,,,,,,,,11,C,2024-04-19_11h15.57.675,attentional_competition_task,2022.2.4,143.99884794680085,
positions.xlsx,positions_test.xlsx,positions_test_new.xlsx,stimuli.xlsx,stimuli_new.xlsx,stimuli/Social3.png,stimuli/Social4.png,stimuli/Nonsocial3.png,stimuli/Nonsocial4.png,stimuli/Social1.png,stimuli/Social2.png,stimuli/Nonsocial1.png,stimuli/Nonsocial2.png,,,"(-0.7, -0.5)",cs_neg_ns_new,"(-0.7, 0.5)",cs_neg_s,"(0.7, -0.5)",cs_pos_s,"(0.7, 0.5)",cs_pos_ns,0,0,0,0,,,,,,,,,,,,,,,,,,,,,,,,,,,,,0,5,5,25,0,0,0,0,,,,,,,,,,,,,,,366,reward,,,,,,1304.4201699001715,1304.4201699001715,1304.4201699001715,1304.4201699001715,0,,,0,,,0,,,1,0.5718459999188781,0.5792958000674844,1305.0035991002806,1305.0035991002806,1305.0035991002806,1305.0035991002806,11,C,2024-04-19_11h15.57.675,attentional_competition_task,2022.2.4,143.99884794680085,
positions.xlsx,positions_test.xlsx,positions_test_new.xlsx,stimuli.xlsx,stimuli_new.xlsx,stimuli/Social3.png,stimuli/Social4.png,stimuli/Nonsocial3.png,stimuli/Nonsocial4.png,stimuli/Social1.png,stimuli/Social2.png,stimuli/Nonsocial1.png,stimuli/Nonsocial2.png,,,"(-0.7, -0.5)",cs_neg_ns_new,"(-0.7, 0.5)",cs_neg_s,"(0.7, -0.5)",cs_pos_s,"(0.7, 0.5)",cs_pos_ns,0,0,0,0,,,,,,,,,,,,,,,,,,,,,,,,,,,,,0,5,5,25,1,0,1,0,,,,,,,,,,,,,,,369,reward,,,,,,1305.5312534999102,1305.5312534999102,1305.5312534999102,1305.5312534999102,0,,,0,,,1,0.029080099891871214,0.029084499925374985,0,,,1305.5312534999102,1305.5312534999102,1305.5312534999102,1305.5312534999102,11,C,2024-04-19_11h15.57.675,attentional_competition_task,2022.2.4,143.99884794680085,
positions.xlsx,positions_test.xlsx,positions_test_new.xlsx,stimuli.xlsx,stimuli_new.xlsx,stimuli/Social3.png,stimuli/Social4.png,stimuli/Nonsocial3.png,stimuli/Nonsocial4.png,stimuli/Social1.png,stimuli/Social2.png,stimuli/Nonsocial1.png,stimuli/Nonsocial2.png,,,"(-0.7, -0.5)",cs_neg_ns_new,"(-0.7, 0.5)",cs_neg_s,"(0.7, -0.5)",cs_pos_s,"(0.7, 0.5)",cs_pos_ns,0,0,0,0,,,,,,,,,,,,,,,,,,,,,,,,,,,,,0,5,5,25,2,0,2,0,,,,,,,,,,,,,,,372,reward,,,,,,1306.0381585001014,1306.0381585001014,1306.0381585001014,1306.0381585001014,0,,,0,,,0,,,0,,,1306.9339788001962,1306.9339788001962,1306.9339788001962,1306.9339788001962,11,C,2024-04-19_11h15.57.675,attentional_competition_task,2022.2.4,143.99884794680085,
positions.xlsx,positions_test.xlsx,positions_test_new.xlsx,stimuli.xlsx,stimuli_new.xlsx,stimuli/Social3.png,stimuli/Social4.png,stimuli/Nonsocial3.png,stimuli/Nonsocial4.png,stimuli/Social1.png,stimuli/Social2.png,stimuli/Nonsocial1.png,stimuli/Nonsocial2.png,,,"(-0.7, -0.5)",cs_neg_ns_new,"(-0.7, 0.5)",cs_neg_s,"(0.7, -0.5)",cs_pos_s,"(0.7, 0.5)",cs_pos_ns,0,0,0,0,,,,,,,,,,,,,,,,,,,,,,,,,,,,,0,5,5,25,,,,,,,,,,,,,,,,,,,,,,,,,,,,,,,,,,,,,,,,,,,,,,11,C,2024-04-19_11h15.57.675,attentional_competition_task,2022.2.4,143.99884794680085,
positions.xlsx,positions_test.xlsx,positions_test_new.xlsx,stimuli.xlsx,stimuli_new.xlsx,stimuli/Social3.png,stimuli/Social4.png,stimuli/Nonsocial3.png,stimuli/Nonsocial4.png,stimuli/Social1.png,stimuli/Social2.png,stimuli/Nonsocial1.png,stimuli/Nonsocial2.png,,,"(-0.7, -0.5)",cs_pos_s,"(-0.7, 0.5)",cs_neg_s,"(0.7, -0.5)",cs_pos_ns,"(0.7, 0.5)",cs_neg_ns,0,0,0,0,,,,,,,,,,,,,,,,,,,,,,,,,,,,,0,6,6,4,0,0,0,0,,,,,,,,,,,,,,,375,reward,,,,,,1312.794840999879,1312.794840999879,1312.794840999879,1312.794840999879,1,0.6824537999927998,0.6824587001465261,0,,,0,,,0,,,1313.482359400019,1313.482359400019,1313.482359400019,1313.482359400019,11,C,2024-04-19_11h15.57.675,attentional_competition_task,2022.2.4,143.99884794680085,
positions.xlsx,positions_test.xlsx,positions_test_new.xlsx,stimuli.xlsx,stimuli_new.xlsx,stimuli/Social3.png,stimuli/Social4.png,stimuli/Nonsocial3.png,stimuli/Nonsocial4.png,stimuli/Social1.png,stimuli/Social2.png,stimuli/Nonsocial1.png,stimuli/Nonsocial2.png,,,"(-0.7, -0.5)",cs_pos_s,"(-0.7, 0.5)",cs_neg_s,"(0.7, -0.5)",cs_pos_ns,"(0.7, 0.5)",cs_neg_ns,0,0,0,0,,,,,,,,,,,,,,,,,,,,,,,,,,,,,0,6,6,4,1,0,1,0,,,,,,,,,,,,,,,378,reward,,,,,,1314.017033800017,1314.017033800017,1314.017033800017,1314.017033800017,0,,,0,,,1,0.031179700046777725,0.03118430031463504,0,,,1314.017033800017,1314.017033800017,1314.017033800017,1314.017033800017,11,C,2024-04-19_11h15.57.675,attentional_competition_task,2022.2.4,143.99884794680085,
positions.xlsx,positions_test.xlsx,positions_test_new.xlsx,stimuli.xlsx,stimuli_new.xlsx,stimuli/Social3.png,stimuli/Social4.png,stimuli/Nonsocial3.png,stimuli/Nonsocial4.png,stimuli/Social1.png,stimuli/Social2.png,stimuli/Nonsocial1.png,stimuli/Nonsocial2.png,,,"(-0.7, -0.5)",cs_pos_s,"(-0.7, 0.5)",cs_neg_s,"(0.7, -0.5)",cs_pos_ns,"(0.7, 0.5)",cs_neg_ns,0,0,0,0,,,,,,,,,,,,,,,,,,,,,,,,,,,,,0,6,6,4,2,0,2,0,,,,,,,,,,,,,,,375,loss,,,,,,1314.5516979000531,1314.5516979000531,1314.5516979000531,1314.5516979000531,0,,,0,,,0,,,1,0.03338490007445216,0.03339010011404753,1314.5516979000531,1314.5516979000531,1314.5516979000531,1314.5516979000531,11,C,2024-04-19_11h15.57.675,attentional_competition_task,2022.2.4,143.99884794680085,
positions.xlsx,positions_test.xlsx,positions_test_new.xlsx,stimuli.xlsx,stimuli_new.xlsx,stimuli/Social3.png,stimuli/Social4.png,stimuli/Nonsocial3.png,stimuli/Nonsocial4.png,stimuli/Social1.png,stimuli/Social2.png,stimuli/Nonsocial1.png,stimuli/Nonsocial2.png,,,"(-0.7, -0.5)",cs_pos_s,"(-0.7, 0.5)",cs_neg_s,"(0.7, -0.5)",cs_pos_ns,"(0.7, 0.5)",cs_neg_ns,0,0,0,0,,,,,,,,,,,,,,,,,,,,,,,,,,,,,0,6,6,4,,,,,,,,,,,,,,,,,,,,,,,,,,,,,,,,,,,,,,,,,,,,,,11,C,2024-04-19_11h15.57.675,attentional_competition_task,2022.2.4,143.99884794680085,
positions.xlsx,positions_test.xlsx,positions_test_new.xlsx,stimuli.xlsx,stimuli_new.xlsx,stimuli/Social3.png,stimuli/Social4.png,stimuli/Nonsocial3.png,stimuli/Nonsocial4.png,stimuli/Social1.png,stimuli/Social2.png,stimuli/Nonsocial1.png,stimuli/Nonsocial2.png,,,"(-0.7, -0.5)",cs_pos_s,"(-0.7, 0.5)",cs_pos_ns_new,"(0.7, -0.5)",cs_neg_s,"(0.7, 0.5)",cs_neg_ns,0,0,0,0,,,,,,,,,,,,,,,,,,,,,,,,,,,,,0,7,7,45,0,0,0,0,,,,,,,,,,,,,,,378,reward,,,,,,1321.7319825002924,1321.7319825002924,1321.7319825002924,1321.7319825002924,1,0.4951271000318229,0.4951319000683725,0,,,0,,,0,,,1322.2319717002101,1322.2319717002101,1322.2319717002101,1322.2319717002101,11,C,2024-04-19_11h15.57.675,attentional_competition_task,2022.2.4,143.99884794680085,
positions.xlsx,positions_test.xlsx,positions_test_new.xlsx,stimuli.xlsx,stimuli_new.xlsx,stimuli/Social3.png,stimuli/Social4.png,stimuli/Nonsocial3.png,stimuli/Nonsocial4.png,stimuli/Social1.png,stimuli/Social2.png,stimuli/Nonsocial1.png,stimuli/Nonsocial2.png,,,"(-0.7, -0.5)",cs_pos_s,"(-0.7, 0.5)",cs_pos_ns_new,"(0.7, -0.5)",cs_neg_s,"(0.7, 0.5)",cs_neg_ns,0,0,0,0,,,,,,,,,,,,,,,,,,,,,,,,,,,,,0,7,7,45,1,0,1,0,,,,,,,,,,,,,,,381,reward,,,,,,1322.7388805001974,1322.7388805001974,1322.7388805001974,1322.7388805001974,1,0.030182700138539076,0.19670740002766252,1,0.21165479999035597,0.21167310001328588,0,,,0,,,1322.9472674001008,1322.9472674001008,1322.9472674001008,1322.9472674001008,11,C,2024-04-19_11h15.57.675,attentional_competition_task,2022.2.4,143.99884794680085,
positions.xlsx,positions_test.xlsx,positions_test_new.xlsx,stimuli.xlsx,stimuli_new.xlsx,stimuli/Social3.png,stimuli/Social4.png,stimuli/Nonsocial3.png,stimuli/Nonsocial4.png,stimuli/Social1.png,stimuli/Social2.png,stimuli/Nonsocial1.png,stimuli/Nonsocial2.png,,,"(-0.7, -0.5)",cs_pos_s,"(-0.7, 0.5)",cs_pos_ns_new,"(0.7, -0.5)",cs_neg_s,"(0.7, 0.5)",cs_neg_ns,0,0,0,0,,,,,,,,,,,,,,,,,,,,,,,,,,,,,0,7,7,45,2,0,2,0,,,,,,,,,,,,,,,384,reward,,,,,,1323.4541998002678,1323.4541998002678,1323.4541998002678,1323.4541998002678,0,,,1,0.030080399941653013,0.2938850000500679,0,,,0,,,1324.2457979000174,1324.2457979000174,1324.2457979000174,1324.2457979000174,11,C,2024-04-19_11h15.57.675,attentional_competition_task,2022.2.4,143.99884794680085,
positions.xlsx,positions_test.xlsx,positions_test_new.xlsx,stimuli.xlsx,stimuli_new.xlsx,stimuli/Social3.png,stimuli/Social4.png,stimuli/Nonsocial3.png,stimuli/Nonsocial4.png,stimuli/Social1.png,stimuli/Social2.png,stimuli/Nonsocial1.png,stimuli/Nonsocial2.png,,,"(-0.7, -0.5)",cs_pos_s,"(-0.7, 0.5)",cs_pos_ns_new,"(0.7, -0.5)",cs_neg_s,"(0.7, 0.5)",cs_neg_ns,0,0,0,0,,,,,,,,,,,,,,,,,,,,,,,,,,,,,0,7,7,45,,,,,,,,,,,,,,,,,,,,,,,,,,,,,,,,,,,,,,,,,,,,,,11,C,2024-04-19_11h15.57.675,attentional_competition_task,2022.2.4,143.99884794680085,
positions.xlsx,positions_test.xlsx,positions_test_new.xlsx,stimuli.xlsx,stimuli_new.xlsx,stimuli/Social3.png,stimuli/Social4.png,stimuli/Nonsocial3.png,stimuli/Nonsocial4.png,stimuli/Social1.png,stimuli/Social2.png,stimuli/Nonsocial1.png,stimuli/Nonsocial2.png,,,"(-0.7, -0.5)",cs_neg_s,"(-0.7, 0.5)",cs_pos_s,"(0.7, -0.5)",cs_pos_ns,"(0.7, 0.5)",cs_neg_ns,0,0,0,0,,,,,,,,,,,,,,,,,,,,,,,,,,,,,0,8,8,6,0,0,0,0,,,,,,,,,,,,,,,381,loss,,,,,,1329.9539042999968,1329.9539042999968,1329.9539042999968,1329.9539042999968,1,0.4673186996951699,0.4741219999268651,0,,,0,,,0,,,1330.433025999926,1330.433025999926,1330.433025999926,1330.433025999926,11,C,2024-04-19_11h15.57.675,attentional_competition_task,2022.2.4,143.99884794680085,
positions.xlsx,positions_test.xlsx,positions_test_new.xlsx,stimuli.xlsx,stimuli_new.xlsx,stimuli/Social3.png,stimuli/Social4.png,stimuli/Nonsocial3.png,stimuli/Nonsocial4.png,stimuli/Social1.png,stimuli/Social2.png,stimuli/Nonsocial1.png,stimuli/Nonsocial2.png,,,"(-0.7, -0.5)",cs_neg_s,"(-0.7, 0.5)",cs_pos_s,"(0.7, -0.5)",cs_pos_ns,"(0.7, 0.5)",cs_neg_ns,0,0,0,0,,,,,,,,,,,,,,,,,,,,,,,,,,,,,0,8,8,6,1,0,1,0,,,,,,,,,,,,,,,384,reward,,,,,,1330.9677305002697,1330.9677305002697,1330.9677305002697,1330.9677305002697,0,,,1,0.029874200001358986,0.029879300389438868,0,,,0,,,1330.9677305002697,1330.9677305002697,1330.9677305002697,1330.9677305002697,11,C,2024-04-19_11h15.57.675,attentional_competition_task,2022.2.4,143.99884794680085,
positions.xlsx,positions_test.xlsx,positions_test_new.xlsx,stimuli.xlsx,stimuli_new.xlsx,stimuli/Social3.png,stimuli/Social4.png,stimuli/Nonsocial3.png,stimuli/Nonsocial4.png,stimuli/Social1.png,stimuli/Social2.png,stimuli/Nonsocial1.png,stimuli/Nonsocial2.png,,,"(-0.7, -0.5)",cs_neg_s,"(-0.7, 0.5)",cs_pos_s,"(0.7, -0.5)",cs_pos_ns,"(0.7, 0.5)",cs_neg_ns,0,0,0,0,,,,,,,,,,,,,,,,,,,,,,,,,,,,,0,8,8,6,2,0,2,0,,,,,,,,,,,,,,,387,reward,,,,,,1331.5025023999624,1331.5025023999624,1331.5025023999624,1331.5025023999624,0,,,0,,,1,0.03067390015348792,0.030678799841552973,0,,,1331.5025023999624,1331.5025023999624,1331.5025023999624,1331.5025023999624,11,C,2024-04-19_11h15.57.675,attentional_competition_task,2022.2.4,143.99884794680085,
positions.xlsx,positions_test.xlsx,positions_test_new.xlsx,stimuli.xlsx,stimuli_new.xlsx,stimuli/Social3.png,stimuli/Social4.png,stimuli/Nonsocial3.png,stimuli/Nonsocial4.png,stimuli/Social1.png,stimuli/Social2.png,stimuli/Nonsocial1.png,stimuli/Nonsocial2.png,,,"(-0.7, -0.5)",cs_neg_s,"(-0.7, 0.5)",cs_pos_s,"(0.7, -0.5)",cs_pos_ns,"(0.7, 0.5)",cs_neg_ns,0,0,0,0,,,,,,,,,,,,,,,,,,,,,,,,,,,,,0,8,8,6,,,,,,,,,,,,,,,,,,,,,,,,,,,,,,,,,,,,,,,,,,,,,,11,C,2024-04-19_11h15.57.675,attentional_competition_task,2022.2.4,143.99884794680085,
positions.xlsx,positions_test.xlsx,positions_test_new.xlsx,stimuli.xlsx,stimuli_new.xlsx,stimuli/Social3.png,stimuli/Social4.png,stimuli/Nonsocial3.png,stimuli/Nonsocial4.png,stimuli/Social1.png,stimuli/Social2.png,stimuli/Nonsocial1.png,stimuli/Nonsocial2.png,,,"(-0.7, -0.5)",cs_neg_s,"(-0.7, 0.5)",cs_pos_s,"(0.7, -0.5)",cs_neg_ns_new,"(0.7, 0.5)",cs_pos_ns,0,0,0,0,,,,,,,,,,,,,,,,,,,,,,,,,,,,,0,9,9,19,0,0,0,0,,,,,,,,,,,,,,,390,reward,,,,,,1339.2590510998853,1339.2590510998853,1339.2590510998853,1339.2590510998853,0,,,1,0.6132808001711965,0.6201615002937615,0,,,0,,,1339.8840947002172,1339.8840947002172,1339.8840947002172,1339.8840947002172,11,C,2024-04-19_11h15.57.675,attentional_competition_task,2022.2.4,143.99884794680085,
positions.xlsx,positions_test.xlsx,positions_test_new.xlsx,stimuli.xlsx,stimuli_new.xlsx,stimuli/Social3.png,stimuli/Social4.png,stimuli/Nonsocial3.png,stimuli/Nonsocial4.png,stimuli/Social1.png,stimuli/Social2.png,stimuli/Nonsocial1.png,stimuli/Nonsocial2.png,,,"(-0.7, -0.5)",cs_neg_s,"(-0.7, 0.5)",cs_pos_s,"(0.7, -0.5)",cs_neg_ns_new,"(0.7, 0.5)",cs_pos_ns,0,0,0,0,,,,,,,,,,,,,,,,,,,,,,,,,,,,,0,9,9,19,1,0,1,0,,,,,,,,,,,,,,,393,reward,,,,,,1340.4187453999184,1340.4187453999184,1340.4187453999184,1340.4187453999184,0,,,0,,,0,,,1,0.030438799876719713,0.030443799681961536,1340.4187453999184,1340.4187453999184,1340.4187453999184,1340.4187453999184,11,C,2024-04-19_11h15.57.675,attentional_competition_task,2022.2.4,143.99884794680085,
positions.xlsx,positions_test.xlsx,positions_test_new.xlsx,stimuli.xlsx,stimuli_new.xlsx,stimuli/Social3.png,stimuli/Social4.png,stimuli/Nonsocial3.png,stimuli/Nonsocial4.png,stimuli/Social1.png,stimuli/Social2.png,stimuli/Nonsocial1.png,stimuli/Nonsocial2.png,,,"(-0.7, -0.5)",cs_neg_s,"(-0.7, 0.5)",cs_pos_s,"(0.7, -0.5)",cs_neg_ns_new,"(0.7, 0.5)",cs_pos_ns,0,0,0,0,,,,,,,,,,,,,,,,,,,,,,,,,,,,,0,9,9,19,2,0,2,0,,,,,,,,,,,,,,,390,loss,,,,,,1340.9465067000128,1340.9465067000128,1340.9465067000128,1340.9465067000128,0,,,0,,,1,0.024646699894219637,0.024651399813592434,0,,,1340.9465067000128,1340.9465067000128,1340.9465067000128,1340.9465067000128,11,C,2024-04-19_11h15.57.675,attentional_competition_task,2022.2.4,143.99884794680085,
positions.xlsx,positions_test.xlsx,positions_test_new.xlsx,stimuli.xlsx,stimuli_new.xlsx,stimuli/Social3.png,stimuli/Social4.png,stimuli/Nonsocial3.png,stimuli/Nonsocial4.png,stimuli/Social1.png,stimuli/Social2.png,stimuli/Nonsocial1.png,stimuli/Nonsocial2.png,,,"(-0.7, -0.5)",cs_neg_s,"(-0.7, 0.5)",cs_pos_s,"(0.7, -0.5)",cs_neg_ns_new,"(0.7, 0.5)",cs_pos_ns,0,0,0,0,,,,,,,,,,,,,,,,,,,,,,,,,,,,,0,9,9,19,,,,,,,,,,,,,,,,,,,,,,,,,,,,,,,,,,,,,,,,,,,,,,11,C,2024-04-19_11h15.57.675,attentional_competition_task,2022.2.4,143.99884794680085,
positions.xlsx,positions_test.xlsx,positions_test_new.xlsx,stimuli.xlsx,stimuli_new.xlsx,stimuli/Social3.png,stimuli/Social4.png,stimuli/Nonsocial3.png,stimuli/Nonsocial4.png,stimuli/Social1.png,stimuli/Social2.png,stimuli/Nonsocial1.png,stimuli/Nonsocial2.png,,,"(-0.7, -0.5)",cs_neg_ns,"(-0.7, 0.5)",cs_neg_s,"(0.7, -0.5)",cs_pos_ns,"(0.7, 0.5)",cs_pos_s_new,0,0,0,0,,,,,,,,,,,,,,,,,,,,,,,,,,,,,0,10,10,32,0,0,0,0,,,,,,,,,,,,,,,387,loss,,,,,,1347.432350799907,1347.432350799907,1347.432350799907,1347.432350799907,0,,,1,1.2870266996324062,1.3018118999898434,0,,,0,,,1348.737874600105,1348.737874600105,1348.737874600105,1348.737874600105,11,C,2024-04-19_11h15.57.675,attentional_competition_task,2022.2.4,143.99884794680085,
positions.xlsx,positions_test.xlsx,positions_test_new.xlsx,stimuli.xlsx,stimuli_new.xlsx,stimuli/Social3.png,stimuli/Social4.png,stimuli/Nonsocial3.png,stimuli/Nonsocial4.png,stimuli/Social1.png,stimuli/Social2.png,stimuli/Nonsocial1.png,stimuli/Nonsocial2.png,,,"(-0.7, -0.5)",cs_neg_ns,"(-0.7, 0.5)",cs_neg_s,"(0.7, -0.5)",cs_pos_ns,"(0.7, 0.5)",cs_pos_s_new,0,0,0,0,,,,,,,,,,,,,,,,,,,,,,,,,,,,,0,10,10,32,1,0,1,0,,,,,,,,,,,,,,,390,reward,,,,,,1349.2725555999205,1349.2725555999205,1349.2725555999205,1349.2725555999205,0,,,0,,,0,,,1,0.0284082000143826,0.028413300402462482,1349.2725555999205,1349.2725555999205,1349.2725555999205,1349.2725555999205,11,C,2024-04-19_11h15.57.675,attentional_competition_task,2022.2.4,143.99884794680085,
positions.xlsx,positions_test.xlsx,positions_test_new.xlsx,stimuli.xlsx,stimuli_new.xlsx,stimuli/Social3.png,stimuli/Social4.png,stimuli/Nonsocial3.png,stimuli/Nonsocial4.png,stimuli/Social1.png,stimuli/Social2.png,stimuli/Nonsocial1.png,stimuli/Nonsocial2.png,,,"(-0.7, -0.5)",cs_neg_ns,"(-0.7, 0.5)",cs_neg_s,"(0.7, -0.5)",cs_pos_ns,"(0.7, 0.5)",cs_pos_s_new,0,0,0,0,,,,,,,,,,,,,,,,,,,,,,,,,,,,,0,10,10,32,,,,,,,,,,,,,,,,,,,,,,,,,,,,,,,,,,,,,,,,,,,,,,11,C,2024-04-19_11h15.57.675,attentional_competition_task,2022.2.4,143.99884794680085,
positions.xlsx,positions_test.xlsx,positions_test_new.xlsx,stimuli.xlsx,stimuli_new.xlsx,stimuli/Social3.png,stimuli/Social4.png,stimuli/Nonsocial3.png,stimuli/Nonsocial4.png,stimuli/Social1.png,stimuli/Social2.png,stimuli/Nonsocial1.png,stimuli/Nonsocial2.png,,,"(-0.7, -0.5)",cs_neg_ns,"(-0.7, 0.5)",cs_pos_s_new,"(0.7, -0.5)",cs_pos_ns,"(0.7, 0.5)",cs_neg_s,0,0,0,0,,,,,,,,,,,,,,,,,,,,,,,,,,,,,0,11,11,33,0,0,0,0,,,,,,,,,,,,,,,393,reward,,,,,,1355.848707899917,1355.848707899917,1355.848707899917,1355.848707899917,0,,,0,,,1,0.4880539998412132,0.48805860010907054,0,,,1356.341714099981,1356.341714099981,1356.341714099981,1356.341714099981,11,C,2024-04-19_11h15.57.675,attentional_competition_task,2022.2.4,143.99884794680085,
positions.xlsx,positions_test.xlsx,positions_test_new.xlsx,stimuli.xlsx,stimuli_new.xlsx,stimuli/Social3.png,stimuli/Social4.png,stimuli/Nonsocial3.png,stimuli/Nonsocial4.png,stimuli/Social1.png,stimuli/Social2.png,stimuli/Nonsocial1.png,stimuli/Nonsocial2.png,,,"(-0.7, -0.5)",cs_neg_ns,"(-0.7, 0.5)",cs_pos_s_new,"(0.7, -0.5)",cs_pos_ns,"(0.7, 0.5)",cs_neg_s,0,0,0,0,,,,,,,,,,,,,,,,,,,,,,,,,,,,,0,11,11,33,1,0,1,0,,,,,,,,,,,,,,,390,loss,,,,,,1356.8417080002837,1356.8417080002837,1356.8417080002837,1356.8417080002837,0,,,0,,,1,0.029356700368225574,0.12805960001423955,1,0.14201939990743995,0.1420243000611663,1356.980573200155,1356.980573200155,1356.980573200155,1356.980573200155,11,C,2024-04-19_11h15.57.675,attentional_competition_task,2022.2.4,143.99884794680085,
positions.xlsx,positions_test.xlsx,positions_test_new.xlsx,stimuli.xlsx,stimuli_new.xlsx,stimuli/Social3.png,stimuli/Social4.png,stimuli/Nonsocial3.png,stimuli/Nonsocial4.png,stimuli/Social1.png,stimuli/Social2.png,stimuli/Nonsocial1.png,stimuli/Nonsocial2.png,,,"(-0.7, -0.5)",cs_neg_ns,"(-0.7, 0.5)",cs_pos_s_new,"(0.7, -0.5)",cs_pos_ns,"(0.7, 0.5)",cs_neg_s,0,0,0,0,,,,,,,,,,,,,,,,,,,,,,,,,,,,,0,11,11,33,2,0,2,0,,,,,,,,,,,,,,,387,loss,,,,,,1357.515341500286,1357.515341500286,1357.515341500286,1357.515341500286,1,0.025527500081807375,0.025532900355756283,0,,,0,,,0,,,1357.515341500286,1357.515341500286,1357.515341500286,1357.515341500286,11,C,2024-04-19_11h15.57.675,attentional_competition_task,2022.2.4,143.99884794680085,
positions.xlsx,positions_test.xlsx,positions_test_new.xlsx,stimuli.xlsx,stimuli_new.xlsx,stimuli/Social3.png,stimuli/Social4.png,stimuli/Nonsocial3.png,stimuli/Nonsocial4.png,stimuli/Social1.png,stimuli/Social2.png,stimuli/Nonsocial1.png,stimuli/Nonsocial2.png,,,"(-0.7, -0.5)",cs_neg_ns,"(-0.7, 0.5)",cs_pos_s_new,"(0.7, -0.5)",cs_pos_ns,"(0.7, 0.5)",cs_neg_s,0,0,0,0,,,,,,,,,,,,,,,,,,,,,,,,,,,,,0,11,11,33,,,,,,,,,,,,,,,,,,,,,,,,,,,,,,,,,,,,,,,,,,,,,,11,C,2024-04-19_11h15.57.675,attentional_competition_task,2022.2.4,143.99884794680085,
positions.xlsx,positions_test.xlsx,positions_test_new.xlsx,stimuli.xlsx,stimuli_new.xlsx,stimuli/Social3.png,stimuli/Social4.png,stimuli/Nonsocial3.png,stimuli/Nonsocial4.png,stimuli/Social1.png,stimuli/Social2.png,stimuli/Nonsocial1.png,stimuli/Nonsocial2.png,,,"(-0.7, -0.5)",cs_neg_s_new,"(-0.7, 0.5)",cs_neg_ns,"(0.7, -0.5)",cs_pos_s,"(0.7, 0.5)",cs_pos_ns,0,0,0,0,,,,,,,,,,,,,,,,,,,,,,,,,,,,,0,12,12,10,0,0,0,0,,,,,,,,,,,,,,,384,loss,,,,,,1363.4525669002905,1363.4525669002905,1363.4525669002905,1363.4525669002905,0,,,1,0.6620268998667598,0.6620310000143945,0,,,0,,,1364.1192105999216,1364.1192105999216,1364.1192105999216,1364.1192105999216,11,C,2024-04-19_11h15.57.675,attentional_competition_task,2022.2.4,143.99884794680085,
positions.xlsx,positions_test.xlsx,positions_test_new.xlsx,stimuli.xlsx,stimuli_new.xlsx,stimuli/Social3.png,stimuli/Social4.png,stimuli/Nonsocial3.png,stimuli/Nonsocial4.png,stimuli/Social1.png,stimuli/Social2.png,stimuli/Nonsocial1.png,stimuli/Nonsocial2.png,,,"(-0.7, -0.5)",cs_neg_s_new,"(-0.7, 0.5)",cs_neg_ns,"(0.7, -0.5)",cs_pos_s,"(0.7, 0.5)",cs_pos_ns,0,0,0,0,,,,,,,,,,,,,,,,,,,,,,,,,,,,,0,12,12,10,1,0,1,0,,,,,,,,,,,,,,,387,reward,,,,,,1364.6469624000601,1364.6469624000601,1364.6469624000601,1364.6469624000601,0,,,0,,,0,,,1,0.029271800071001053,0.029276300221681595,1364.6469624000601,1364.6469624000601,1364.6469624000601,1364.6469624000601,11,C,2024-04-19_11h15.57.675,attentional_competition_task,2022.2.4,143.99884794680085,
positions.xlsx,positions_test.xlsx,positions_test_new.xlsx,stimuli.xlsx,stimuli_new.xlsx,stimuli/Social3.png,stimuli/Social4.png,stimuli/Nonsocial3.png,stimuli/Nonsocial4.png,stimuli/Social1.png,stimuli/Social2.png,stimuli/Nonsocial1.png,stimuli/Nonsocial2.png,,,"(-0.7, -0.5)",cs_neg_s_new,"(-0.7, 0.5)",cs_neg_ns,"(0.7, -0.5)",cs_pos_s,"(0.7, 0.5)",cs_pos_ns,0,0,0,0,,,,,,,,,,,,,,,,,,,,,,,,,,,,,0,12,12,10,2,0,2,0,,,,,,,,,,,,,,,390,reward,,,,,,1365.181647399906,1365.181647399906,1365.181647399906,1365.181647399906,0,,,0,,,1,0.023675900418311357,0.02368080010637641,0,,,1365.181647399906,1365.181647399906,1365.181647399906,1365.181647399906,11,C,2024-04-19_11h15.57.675,attentional_competition_task,2022.2.4,143.99884794680085,
positions.xlsx,positions_test.xlsx,positions_test_new.xlsx,stimuli.xlsx,stimuli_new.xlsx,stimuli/Social3.png,stimuli/Social4.png,stimuli/Nonsocial3.png,stimuli/Nonsocial4.png,stimuli/Social1.png,stimuli/Social2.png,stimuli/Nonsocial1.png,stimuli/Nonsocial2.png,,,"(-0.7, -0.5)",cs_neg_s_new,"(-0.7, 0.5)",cs_neg_ns,"(0.7, -0.5)",cs_pos_s,"(0.7, 0.5)",cs_pos_ns,0,0,0,0,,,,,,,,,,,,,,,,,,,,,,,,,,,,,0,12,12,10,,,,,,,,,,,,,,,,,,,,,,,,,,,,,,,,,,,,,,,,,,,,,,11,C,2024-04-19_11h15.57.675,attentional_competition_task,2022.2.4,143.99884794680085,
positions.xlsx,positions_test.xlsx,positions_test_new.xlsx,stimuli.xlsx,stimuli_new.xlsx,stimuli/Social3.png,stimuli/Social4.png,stimuli/Nonsocial3.png,stimuli/Nonsocial4.png,stimuli/Social1.png,stimuli/Social2.png,stimuli/Nonsocial1.png,stimuli/Nonsocial2.png,,,"(-0.7, -0.5)",cs_neg_ns,"(-0.7, 0.5)",cs_pos_ns,"(0.7, -0.5)",cs_pos_s,"(0.7, 0.5)",cs_neg_s_new,0,0,0,0,,,,,,,,,,,,,,,,,,,,,,,,,,,,,0,13,13,12,0,0,0,0,,,,,,,,,,,,,,,393,reward,,,,,,1371.0841844002716,1371.0841844002716,1371.0841844002716,1371.0841844002716,0,,,0,,,1,0.8563254997134209,0.8636296996846795,0,,,1371.9522293000482,1371.9522293000482,1371.9522293000482,1371.9522293000482,11,C,2024-04-19_11h15.57.675,attentional_competition_task,2022.2.4,143.99884794680085,
positions.xlsx,positions_test.xlsx,positions_test_new.xlsx,stimuli.xlsx,stimuli_new.xlsx,stimuli/Social3.png,stimuli/Social4.png,stimuli/Nonsocial3.png,stimuli/Nonsocial4.png,stimuli/Social1.png,stimuli/Social2.png,stimuli/Nonsocial1.png,stimuli/Nonsocial2.png,,,"(-0.7, -0.5)",cs_neg_ns,"(-0.7, 0.5)",cs_pos_ns,"(0.7, -0.5)",cs_pos_s,"(0.7, 0.5)",cs_neg_s_new,0,0,0,0,,,,,,,,,,,,,,,,,,,,,,,,,,,,,0,13,13,12,1,0,1,0,,,,,,,,,,,,,,,396,reward,,,,,,1372.4591381000355,1372.4591381000355,1372.4591381000355,1372.4591381000355,0,,,1,0.12698449986055493,0.12698880024254322,1,0.030369100160896778,0.06527809984982014,0,,,1372.577177700121,1372.577177700121,1372.577177700121,1372.577177700121,11,C,2024-04-19_11h15.57.675,attentional_competition_task,2022.2.4,143.99884794680085,
positions.xlsx,positions_test.xlsx,positions_test_new.xlsx,stimuli.xlsx,stimuli_new.xlsx,stimuli/Social3.png,stimuli/Social4.png,stimuli/Nonsocial3.png,stimuli/Nonsocial4.png,stimuli/Social1.png,stimuli/Social2.png,stimuli/Nonsocial1.png,stimuli/Nonsocial2.png,,,"(-0.7, -0.5)",cs_neg_ns,"(-0.7, 0.5)",cs_pos_ns,"(0.7, -0.5)",cs_pos_s,"(0.7, 0.5)",cs_neg_s_new,0,0,0,0,,,,,,,,,,,,,,,,,,,,,,,,,,,,,0,13,13,12,2,0,2,0,,,,,,,,,,,,,,,399,reward,,,,,,1373.6119192000479,1373.6119192000479,1373.6119192000479,1373.6119192000479,0,,,1,0.02450389973819256,0.024508799891918898,0,,,0,,,1373.6119192000479,1373.6119192000479,1373.6119192000479,1373.6119192000479,11,C,2024-04-19_11h15.57.675,attentional_competition_task,2022.2.4,143.99884794680085,
positions.xlsx,positions_test.xlsx,positions_test_new.xlsx,stimuli.xlsx,stimuli_new.xlsx,stimuli/Social3.png,stimuli/Social4.png,stimuli/Nonsocial3.png,stimuli/Nonsocial4.png,stimuli/Social1.png,stimuli/Social2.png,stimuli/Nonsocial1.png,stimuli/Nonsocial2.png,,,"(-0.7, -0.5)",cs_neg_ns,"(-0.7, 0.5)",cs_pos_ns,"(0.7, -0.5)",cs_pos_s,"(0.7, 0.5)",cs_neg_s_new,0,0,0,0,,,,,,,,,,,,,,,,,,,,,,,,,,,,,0,13,13,12,,,,,,,,,,,,,,,,,,,,,,,,,,,,,,,,,,,,,,,,,,,,,,11,C,2024-04-19_11h15.57.675,attentional_competition_task,2022.2.4,143.99884794680085,
positions.xlsx,positions_test.xlsx,positions_test_new.xlsx,stimuli.xlsx,stimuli_new.xlsx,stimuli/Social3.png,stimuli/Social4.png,stimuli/Nonsocial3.png,stimuli/Nonsocial4.png,stimuli/Social1.png,stimuli/Social2.png,stimuli/Nonsocial1.png,stimuli/Nonsocial2.png,,,"(-0.7, -0.5)",cs_neg_ns,"(-0.7, 0.5)",cs_pos_ns_new,"(0.7, -0.5)",cs_pos_s,"(0.7, 0.5)",cs_neg_s,0,0,0,0,,,,,,,,,,,,,,,,,,,,,,,,,,,,,0,14,14,47,0,0,0,0,,,,,,,,,,,,,,,402,reward,,,,,,1379.160272799898,1379.160272799898,1379.160272799898,1379.160272799898,0,,,0,,,1,0.5580116999335587,0.5649986998178065,0,,,1379.729649099987,1379.729649099987,1379.729649099987,1379.729649099987,11,C,2024-04-19_11h15.57.675,attentional_competition_task,2022.2.4,143.99884794680085,
positions.xlsx,positions_test.xlsx,positions_test_new.xlsx,stimuli.xlsx,stimuli_new.xlsx,stimuli/Social3.png,stimuli/Social4.png,stimuli/Nonsocial3.png,stimuli/Nonsocial4.png,stimuli/Social1.png,stimuli/Social2.png,stimuli/Nonsocial1.png,stimuli/Nonsocial2.png,,,"(-0.7, -0.5)",cs_neg_ns,"(-0.7, 0.5)",cs_pos_ns_new,"(0.7, -0.5)",cs_pos_s,"(0.7, 0.5)",cs_neg_s,0,0,0,0,,,,,,,,,,,,,,,,,,,,,,,,,,,,,0,14,14,47,1,0,1,0,,,,,,,,,,,,,,,405,reward,,,,,,1380.2643677000888,1380.2643677000888,1380.2643677000888,1380.2643677000888,0,,,1,0.030330399982631207,0.03033500025048852,0,,,0,,,1380.2643677000888,1380.2643677000888,1380.2643677000888,1380.2643677000888,11,C,2024-04-19_11h15.57.675,attentional_competition_task,2022.2.4,143.99884794680085,
positions.xlsx,positions_test.xlsx,positions_test_new.xlsx,stimuli.xlsx,stimuli_new.xlsx,stimuli/Social3.png,stimuli/Social4.png,stimuli/Nonsocial3.png,stimuli/Nonsocial4.png,stimuli/Social1.png,stimuli/Social2.png,stimuli/Nonsocial1.png,stimuli/Nonsocial2.png,,,"(-0.7, -0.5)",cs_neg_ns,"(-0.7, 0.5)",cs_pos_ns_new,"(0.7, -0.5)",cs_pos_s,"(0.7, 0.5)",cs_neg_s,0,0,0,0,,,,,,,,,,,,,,,,,,,,,,,,,,,,,0,14,14,47,2,0,2,0,,,,,,,,,,,,,,,402,loss,,,,,,1380.799092600122,1380.799092600122,1380.799092600122,1380.799092600122,1,0.02891600038856268,0.02892090007662773,0,,,0,,,0,,,1380.799092600122,1380.799092600122,1380.799092600122,1380.799092600122,11,C,2024-04-19_11h15.57.675,attentional_competition_task,2022.2.4,143.99884794680085,
positions.xlsx,positions_test.xlsx,positions_test_new.xlsx,stimuli.xlsx,stimuli_new.xlsx,stimuli/Social3.png,stimuli/Social4.png,stimuli/Nonsocial3.png,stimuli/Nonsocial4.png,stimuli/Social1.png,stimuli/Social2.png,stimuli/Nonsocial1.png,stimuli/Nonsocial2.png,,,"(-0.7, -0.5)",cs_neg_ns,"(-0.7, 0.5)",cs_pos_ns_new,"(0.7, -0.5)",cs_pos_s,"(0.7, 0.5)",cs_neg_s,0,0,0,0,,,,,,,,,,,,,,,,,,,,,,,,,,,,,0,14,14,47,,,,,,,,,,,,,,,,,,,,,,,,,,,,,,,,,,,,,,,,,,,,,,11,C,2024-04-19_11h15.57.675,attentional_competition_task,2022.2.4,143.99884794680085,
positions.xlsx,positions_test.xlsx,positions_test_new.xlsx,stimuli.xlsx,stimuli_new.xlsx,stimuli/Social3.png,stimuli/Social4.png,stimuli/Nonsocial3.png,stimuli/Nonsocial4.png,stimuli/Social1.png,stimuli/Social2.png,stimuli/Nonsocial1.png,stimuli/Nonsocial2.png,,,"(-0.7, -0.5)",cs_pos_ns,"(-0.7, 0.5)",cs_pos_s,"(0.7, -0.5)",cs_neg_s_new,"(0.7, 0.5)",cs_neg_ns,0,0,0,0,,,,,,,,,,,,,,,,,,,,,,,,,,,,,0,15,15,9,0,0,0,0,,,,,,,,,,,,,,,405,reward,,,,,,1387.7710203998722,1387.7710203998722,1387.7710203998722,1387.7710203998722,0,,,1,0.6895332997664809,0.689538300037384,0,,,0,,,1388.4654639000073,1388.4654639000073,1388.4654639000073,1388.4654639000073,11,C,2024-04-19_11h15.57.675,attentional_competition_task,2022.2.4,143.99884794680085,
positions.xlsx,positions_test.xlsx,positions_test_new.xlsx,stimuli.xlsx,stimuli_new.xlsx,stimuli/Social3.png,stimuli/Social4.png,stimuli/Nonsocial3.png,stimuli/Nonsocial4.png,stimuli/Social1.png,stimuli/Social2.png,stimuli/Nonsocial1.png,stimuli/Nonsocial2.png,,,"(-0.7, -0.5)",cs_pos_ns,"(-0.7, 0.5)",cs_pos_s,"(0.7, -0.5)",cs_neg_s_new,"(0.7, 0.5)",cs_neg_ns,0,0,0,0,,,,,,,,,,,,,,,,,,,,,,,,,,,,,0,15,15,9,1,0,1,0,,,,,,,,,,,,,,,408,reward,,,,,,1388.9723617001437,1388.9723617001437,1388.9723617001437,1388.9723617001437,1,0.05805870005860925,0.058064000215381384,0,,,0,,,0,,,1389.027893600054,1389.027893600054,1389.027893600054,1389.027893600054,11,C,2024-04-19_11h15.57.675,attentional_competition_task,2022.2.4,143.99884794680085,
positions.xlsx,positions_test.xlsx,positions_test_new.xlsx,stimuli.xlsx,stimuli_new.xlsx,stimuli/Social3.png,stimuli/Social4.png,stimuli/Nonsocial3.png,stimuli/Nonsocial4.png,stimuli/Social1.png,stimuli/Social2.png,stimuli/Nonsocial1.png,stimuli/Nonsocial2.png,,,"(-0.7, -0.5)",cs_pos_ns,"(-0.7, 0.5)",cs_pos_s,"(0.7, -0.5)",cs_neg_s_new,"(0.7, 0.5)",cs_neg_ns,0,0,0,0,,,,,,,,,,,,,,,,,,,,,,,,,,,,,0,15,15,9,2,0,2,0,,,,,,,,,,,,,,,411,reward,,,,,,1389.5348344999366,1389.5348344999366,1389.5348344999366,1389.5348344999366,1,0.03047009976580739,0.25186869967728853,0,,,0,,,0,,,1390.284818999935,1390.284818999935,1390.284818999935,1390.284818999935,11,C,2024-04-19_11h15.57.675,attentional_competition_task,2022.2.4,143.99884794680085,
positions.xlsx,positions_test.xlsx,positions_test_new.xlsx,stimuli.xlsx,stimuli_new.xlsx,stimuli/Social3.png,stimuli/Social4.png,stimuli/Nonsocial3.png,stimuli/Nonsocial4.png,stimuli/Social1.png,stimuli/Social2.png,stimuli/Nonsocial1.png,stimuli/Nonsocial2.png,,,"(-0.7, -0.5)",cs_pos_ns,"(-0.7, 0.5)",cs_pos_s,"(0.7, -0.5)",cs_neg_s_new,"(0.7, 0.5)",cs_neg_ns,0,0,0,0,,,,,,,,,,,,,,,,,,,,,,,,,,,,,0,15,15,9,,,,,,,,,,,,,,,,,,,,,,,,,,,,,,,,,,,,,,,,,,,,,,11,C,2024-04-19_11h15.57.675,attentional_competition_task,2022.2.4,143.99884794680085,
positions.xlsx,positions_test.xlsx,positions_test_new.xlsx,stimuli.xlsx,stimuli_new.xlsx,stimuli/Social3.png,stimuli/Social4.png,stimuli/Nonsocial3.png,stimuli/Nonsocial4.png,stimuli/Social1.png,stimuli/Social2.png,stimuli/Nonsocial1.png,stimuli/Nonsocial2.png,,,"(-0.7, -0.5)",cs_neg_s,"(-0.7, 0.5)",cs_pos_ns,"(0.7, -0.5)",cs_pos_s_new,"(0.7, 0.5)",cs_neg_ns,0,0,0,0,,,,,,,,,,,,,,,,,,,,,,,,,,,,,0,16,16,30,0,0,0,0,,,,,,,,,,,,,,,414,reward,,,,,,1396.0901652001776,1396.0901652001776,1396.0901652001776,1396.0901652001776,0,,,1,0.641327700112015,0.641332000028342,0,,,0,,,1396.735938699916,1396.735938699916,1396.735938699916,1396.735938699916,11,C,2024-04-19_11h15.57.675,attentional_competition_task,2022.2.4,143.99884794680085,
positions.xlsx,positions_test.xlsx,positions_test_new.xlsx,stimuli.xlsx,stimuli_new.xlsx,stimuli/Social3.png,stimuli/Social4.png,stimuli/Nonsocial3.png,stimuli/Nonsocial4.png,stimuli/Social1.png,stimuli/Social2.png,stimuli/Nonsocial1.png,stimuli/Nonsocial2.png,,,"(-0.7, -0.5)",cs_neg_s,"(-0.7, 0.5)",cs_pos_ns,"(0.7, -0.5)",cs_pos_s_new,"(0.7, 0.5)",cs_neg_ns,0,0,0,0,,,,,,,,,,,,,,,,,,,,,,,,,,,,,0,16,16,30,1,0,1,0,,,,,,,,,,,,,,,411,loss,,,,,,1397.2428639000282,1397.2428639000282,1397.2428639000282,1397.2428639000282,1,0.6197621999308467,0.6197663997299969,1,0.02997199958190322,0.5923372996039689,0,,,0,,,1397.8608904001303,1397.8608904001303,1397.8608904001303,1397.8608904001303,11,C,2024-04-19_11h15.57.675,attentional_competition_task,2022.2.4,143.99884794680085,
positions.xlsx,positions_test.xlsx,positions_test_new.xlsx,stimuli.xlsx,stimuli_new.xlsx,stimuli/Social3.png,stimuli/Social4.png,stimuli/Nonsocial3.png,stimuli/Nonsocial4.png,stimuli/Social1.png,stimuli/Social2.png,stimuli/Nonsocial1.png,stimuli/Nonsocial2.png,,,"(-0.7, -0.5)",cs_neg_s,"(-0.7, 0.5)",cs_pos_ns,"(0.7, -0.5)",cs_pos_s_new,"(0.7, 0.5)",cs_neg_ns,0,0,0,0,,,,,,,,,,,,,,,,,,,,,,,,,,,,,0,16,16,30,,,,,,,,,,,,,,,,,,,,,,,,,,,,,,,,,,,,,,,,,,,,,,11,C,2024-04-19_11h15.57.675,attentional_competition_task,2022.2.4,143.99884794680085,
positions.xlsx,positions_test.xlsx,positions_test_new.xlsx,stimuli.xlsx,stimuli_new.xlsx,stimuli/Social3.png,stimuli/Social4.png,stimuli/Nonsocial3.png,stimuli/Nonsocial4.png,stimuli/Social1.png,stimuli/Social2.png,stimuli/Nonsocial1.png,stimuli/Nonsocial2.png,,,"(-0.7, -0.5)",cs_neg_ns_new,"(-0.7, 0.5)",cs_pos_ns,"(0.7, -0.5)",cs_pos_s,"(0.7, 0.5)",cs_neg_s,0,0,0,0,,,,,,,,,,,,,,,,,,,,,,,,,,,,,0,17,17,24,0,0,0,0,,,,,,,,,,,,,,,414,reward,,,,,,1403.6800798000768,1403.6800798000768,1403.6800798000768,1403.6800798000768,0,,,0,,,1,0.41882470017299056,0.4188292999751866,0,,,1404.1037365002558,1404.1037365002558,1404.1037365002558,1404.1037365002558,11,C,2024-04-19_11h15.57.675,attentional_competition_task,2022.2.4,143.99884794680085,
positions.xlsx,positions_test.xlsx,positions_test_new.xlsx,stimuli.xlsx,stimuli_new.xlsx,stimuli/Social3.png,stimuli/Social4.png,stimuli/Nonsocial3.png,stimuli/Nonsocial4.png,stimuli/Social1.png,stimuli/Social2.png,stimuli/Nonsocial1.png,stimuli/Nonsocial2.png,,,"(-0.7, -0.5)",cs_neg_ns_new,"(-0.7, 0.5)",cs_pos_ns,"(0.7, -0.5)",cs_pos_s,"(0.7, 0.5)",cs_neg_s,0,0,0,0,,,,,,,,,,,,,,,,,,,,,,,,,,,,,0,17,17,24,1,0,1,0,,,,,,,,,,,,,,,417,reward,,,,,,1404.638415900059,1404.638415900059,1404.638415900059,1404.638415900059,0,,,1,0.030471900012344122,0.03047680016607046,0,,,0,,,1404.638415900059,1404.638415900059,1404.638415900059,1404.638415900059,11,C,2024-04-19_11h15.57.675,attentional_competition_task,2022.2.4,143.99884794680085,
positions.xlsx,positions_test.xlsx,positions_test_new.xlsx,stimuli.xlsx,stimuli_new.xlsx,stimuli/Social3.png,stimuli/Social4.png,stimuli/Nonsocial3.png,stimuli/Nonsocial4.png,stimuli/Social1.png,stimuli/Social2.png,stimuli/Nonsocial1.png,stimuli/Nonsocial2.png,,,"(-0.7, -0.5)",cs_neg_ns_new,"(-0.7, 0.5)",cs_pos_ns,"(0.7, -0.5)",cs_pos_s,"(0.7, 0.5)",cs_neg_s,0,0,0,0,,,,,,,,,,,,,,,,,,,,,,,,,,,,,0,17,17,24,2,0,2,0,,,,,,,,,,,,,,,420,reward,,,,,,1405.1453217002563,1405.1453217002563,1405.1453217002563,1405.1453217002563,0,,,1,0.028141800314188004,0.5502259000204504,0,,,0,,,1406.1939059002325,1406.1939059002325,1406.1939059002325,1406.1939059002325,11,C,2024-04-19_11h15.57.675,attentional_competition_task,2022.2.4,143.99884794680085,
positions.xlsx,positions_test.xlsx,positions_test_new.xlsx,stimuli.xlsx,stimuli_new.xlsx,stimuli/Social3.png,stimuli/Social4.png,stimuli/Nonsocial3.png,stimuli/Nonsocial4.png,stimuli/Social1.png,stimuli/Social2.png,stimuli/Nonsocial1.png,stimuli/Nonsocial2.png,,,"(-0.7, -0.5)",cs_neg_ns_new,"(-0.7, 0.5)",cs_pos_ns,"(0.7, -0.5)",cs_pos_s,"(0.7, 0.5)",cs_neg_s,0,0,0,0,,,,,,,,,,,,,,,,,,,,,,,,,,,,,0,17,17,24,,,,,,,,,,,,,,,,,,,,,,,,,,,,,,,,,,,,,,,,,,,,,,11,C,2024-04-19_11h15.57.675,attentional_competition_task,2022.2.4,143.99884794680085,
positions.xlsx,positions_test.xlsx,positions_test_new.xlsx,stimuli.xlsx,stimuli_new.xlsx,stimuli/Social3.png,stimuli/Social4.png,stimuli/Nonsocial3.png,stimuli/Nonsocial4.png,stimuli/Social1.png,stimuli/Social2.png,stimuli/Nonsocial1.png,stimuli/Nonsocial2.png,,,"(-0.7, -0.5)",cs_neg_s_new,"(-0.7, 0.5)",cs_pos_ns,"(0.7, -0.5)",cs_neg_ns,"(0.7, 0.5)",cs_pos_s,0,0,0,0,,,,,,,,,,,,,,,,,,,,,,,,,,,,,0,18,18,11,0,0,0,0,,,,,,,,,,,,,,,417,loss,,,,,,1412.4367219000123,1412.4367219000123,1412.4367219000123,1412.4367219000123,0,,,0,,,1,0.36394739989191294,0.36395159969106317,0,,,1412.8047306002118,1412.8047306002118,1412.8047306002118,1412.8047306002118,11,C,2024-04-19_11h15.57.675,attentional_competition_task,2022.2.4,143.99884794680085,
positions.xlsx,positions_test.xlsx,positions_test_new.xlsx,stimuli.xlsx,stimuli_new.xlsx,stimuli/Social3.png,stimuli/Social4.png,stimuli/Nonsocial3.png,stimuli/Nonsocial4.png,stimuli/Social1.png,stimuli/Social2.png,stimuli/Nonsocial1.png,stimuli/Nonsocial2.png,,,"(-0.7, -0.5)",cs_neg_s_new,"(-0.7, 0.5)",cs_pos_ns,"(0.7, -0.5)",cs_neg_ns,"(0.7, 0.5)",cs_pos_s,0,0,0,0,,,,,,,,,,,,,,,,,,,,,,,,,,,,,0,18,18,11,1,0,1,0,,,,,,,,,,,,,,,420,reward,,,,,,1413.3394402000122,1413.3394402000122,1413.3394402000122,1413.3394402000122,0,,,1,0.030000800266861916,0.030018200166523457,0,,,0,,,1413.3394402000122,1413.3394402000122,1413.3394402000122,1413.3394402000122,11,C,2024-04-19_11h15.57.675,attentional_competition_task,2022.2.4,143.99884794680085,
positions.xlsx,positions_test.xlsx,positions_test_new.xlsx,stimuli.xlsx,stimuli_new.xlsx,stimuli/Social3.png,stimuli/Social4.png,stimuli/Nonsocial3.png,stimuli/Nonsocial4.png,stimuli/Social1.png,stimuli/Social2.png,stimuli/Nonsocial1.png,stimuli/Nonsocial2.png,,,"(-0.7, -0.5)",cs_neg_s_new,"(-0.7, 0.5)",cs_pos_ns,"(0.7, -0.5)",cs_neg_ns,"(0.7, 0.5)",cs_pos_s,0,0,0,0,,,,,,,,,,,,,,,,,,,,,,,,,,,,,0,18,18,11,2,0,2,0,,,,,,,,,,,,,,,417,loss,,,,,,1413.867196300067,1413.867196300067,1413.867196300067,1413.867196300067,1,0.02898940024897456,0.028993800282478333,0,,,0,,,0,,,1413.867196300067,1413.867196300067,1413.867196300067,1413.867196300067,11,C,2024-04-19_11h15.57.675,attentional_competition_task,2022.2.4,143.99884794680085,
positions.xlsx,positions_test.xlsx,positions_test_new.xlsx,stimuli.xlsx,stimuli_new.xlsx,stimuli/Social3.png,stimuli/Social4.png,stimuli/Nonsocial3.png,stimuli/Nonsocial4.png,stimuli/Social1.png,stimuli/Social2.png,stimuli/Nonsocial1.png,stimuli/Nonsocial2.png,,,"(-0.7, -0.5)",cs_neg_s_new,"(-0.7, 0.5)",cs_pos_ns,"(0.7, -0.5)",cs_neg_ns,"(0.7, 0.5)",cs_pos_s,0,0,0,0,,,,,,,,,,,,,,,,,,,,,,,,,,,,,0,18,18,11,3,0,3,0,,,,,,,,,,,,,,,420,reward,,,,,,1414.4019069001079,1414.4019069001079,1414.4019069001079,1414.4019069001079,0,,,0,,,0,,,1,0.025901200249791145,0.025905700400471687,1414.4019069001079,1414.4019069001079,1414.4019069001079,1414.4019069001079,11,C,2024-04-19_11h15.57.675,attentional_competition_task,2022.2.4,143.99884794680085,
positions.xlsx,positions_test.xlsx,positions_test_new.xlsx,stimuli.xlsx,stimuli_new.xlsx,stimuli/Social3.png,stimuli/Social4.png,stimuli/Nonsocial3.png,stimuli/Nonsocial4.png,stimuli/Social1.png,stimuli/Social2.png,stimuli/Nonsocial1.png,stimuli/Nonsocial2.png,,,"(-0.7, -0.5)",cs_neg_s_new,"(-0.7, 0.5)",cs_pos_ns,"(0.7, -0.5)",cs_neg_ns,"(0.7, 0.5)",cs_pos_s,0,0,0,0,,,,,,,,,,,,,,,,,,,,,,,,,,,,,0,18,18,11,,,,,,,,,,,,,,,,,,,,,,,,,,,,,,,,,,,,,,,,,,,,,,11,C,2024-04-19_11h15.57.675,attentional_competition_task,2022.2.4,143.99884794680085,
positions.xlsx,positions_test.xlsx,positions_test_new.xlsx,stimuli.xlsx,stimuli_new.xlsx,stimuli/Social3.png,stimuli/Social4.png,stimuli/Nonsocial3.png,stimuli/Nonsocial4.png,stimuli/Social1.png,stimuli/Social2.png,stimuli/Nonsocial1.png,stimuli/Nonsocial2.png,,,"(-0.7, -0.5)",cs_pos_s,"(-0.7, 0.5)",cs_neg_ns,"(0.7, -0.5)",cs_neg_s,"(0.7, 0.5)",cs_pos_ns_new,0,0,0,0,,,,,,,,,,,,,,,,,,,,,,,,,,,,,0,19,19,43,0,0,0,0,,,,,,,,,,,,,,,423,reward,,,,,,1420.6169202001765,1420.6169202001765,1420.6169202001765,1420.6169202001765,1,0.7378839999437332,0.7378885997459292,0,,,0,,,0,,,1421.3599673002027,1421.3599673002027,1421.3599673002027,1421.3599673002027,11,C,2024-04-19_11h15.57.675,attentional_competition_task,2022.2.4,143.99884794680085,
positions.xlsx,positions_test.xlsx,positions_test_new.xlsx,stimuli.xlsx,stimuli_new.xlsx,stimuli/Social3.png,stimuli/Social4.png,stimuli/Nonsocial3.png,stimuli/Nonsocial4.png,stimuli/Social1.png,stimuli/Social2.png,stimuli/Nonsocial1.png,stimuli/Nonsocial2.png,,,"(-0.7, -0.5)",cs_pos_s,"(-0.7, 0.5)",cs_neg_ns,"(0.7, -0.5)",cs_neg_s,"(0.7, 0.5)",cs_pos_ns_new,0,0,0,0,,,,,,,,,,,,,,,,,,,,,,,,,,,,,0,19,19,43,1,0,1,0,,,,,,,,,,,,,,,426,reward,,,,,,1421.859980000183,1421.859980000183,1421.859980000183,1421.859980000183,0,,,0,,,0,,,1,0.052795699797570705,0.06676300009712577,1421.9293734002858,1421.9293734002858,1421.9293734002858,1421.9293734002858,11,C,2024-04-19_11h15.57.675,attentional_competition_task,2022.2.4,143.99884794680085,
positions.xlsx,positions_test.xlsx,positions_test_new.xlsx,stimuli.xlsx,stimuli_new.xlsx,stimuli/Social3.png,stimuli/Social4.png,stimuli/Nonsocial3.png,stimuli/Nonsocial4.png,stimuli/Social1.png,stimuli/Social2.png,stimuli/Nonsocial1.png,stimuli/Nonsocial2.png,,,"(-0.7, -0.5)",cs_pos_s,"(-0.7, 0.5)",cs_neg_ns,"(0.7, -0.5)",cs_neg_s,"(0.7, 0.5)",cs_pos_ns_new,0,0,0,0,,,,,,,,,,,,,,,,,,,,,,,,,,,,,0,19,19,43,2,0,2,0,,,,,,,,,,,,,,,429,reward,,,,,,1422.4362723999657,1422.4362723999657,1422.4362723999657,1422.4362723999657,0,,,0,,,0,,,1,0.031426699832081795,0.19722469989210367,1423.1307437000796,1423.1307437000796,1423.1307437000796,1423.1307437000796,11,C,2024-04-19_11h15.57.675,attentional_competition_task,2022.2.4,143.99884794680085,
positions.xlsx,positions_test.xlsx,positions_test_new.xlsx,stimuli.xlsx,stimuli_new.xlsx,stimuli/Social3.png,stimuli/Social4.png,stimuli/Nonsocial3.png,stimuli/Nonsocial4.png,stimuli/Social1.png,stimuli/Social2.png,stimuli/Nonsocial1.png,stimuli/Nonsocial2.png,,,"(-0.7, -0.5)",cs_pos_s,"(-0.7, 0.5)",cs_neg_ns,"(0.7, -0.5)",cs_neg_s,"(0.7, 0.5)",cs_pos_ns_new,0,0,0,0,,,,,,,,,,,,,,,,,,,,,,,,,,,,,0,19,19,43,,,,,,,,,,,,,,,,,,,,,,,,,,,,,,,,,,,,,,,,,,,,,,11,C,2024-04-19_11h15.57.675,attentional_competition_task,2022.2.4,143.99884794680085,
positions.xlsx,positions_test.xlsx,positions_test_new.xlsx,stimuli.xlsx,stimuli_new.xlsx,stimuli/Social3.png,stimuli/Social4.png,stimuli/Nonsocial3.png,stimuli/Nonsocial4.png,stimuli/Social1.png,stimuli/Social2.png,stimuli/Nonsocial1.png,stimuli/Nonsocial2.png,,,"(-0.7, -0.5)",cs_neg_s_new,"(-0.7, 0.5)",cs_pos_s,"(0.7, -0.5)",cs_neg_ns,"(0.7, 0.5)",cs_pos_ns,0,0,0,0,,,,,,,,,,,,,,,,,,,,,,,,,,,,,0,20,20,17,0,0,0,0,,,,,,,,,,,,,,,432,reward,,,,,,1429.3873978001066,1429.3873978001066,1429.3873978001066,1429.3873978001066,0,,,0,,,0,,,1,0.8640860002487898,0.8709970000199974,1430.26235669991,1430.26235669991,1430.26235669991,1430.26235669991,11,C,2024-04-19_11h15.57.675,attentional_competition_task,2022.2.4,143.99884794680085,
positions.xlsx,positions_test.xlsx,positions_test_new.xlsx,stimuli.xlsx,stimuli_new.xlsx,stimuli/Social3.png,stimuli/Social4.png,stimuli/Nonsocial3.png,stimuli/Nonsocial4.png,stimuli/Social1.png,stimuli/Social2.png,stimuli/Nonsocial1.png,stimuli/Nonsocial2.png,,,"(-0.7, -0.5)",cs_neg_s_new,"(-0.7, 0.5)",cs_pos_s,"(0.7, -0.5)",cs_neg_ns,"(0.7, 0.5)",cs_pos_ns,0,0,0,0,,,,,,,,,,,,,,,,,,,,,,,,,,,,,0,20,20,17,1,0,1,0,,,,,,,,,,,,,,,435,reward,,,,,,1430.7692724000663,1430.7692724000663,1430.7692724000663,1430.7692724000663,0,,,1,0.5790198002941906,0.5790246003307402,0,,,1,0.029895500279963017,0.3361317999660969,1431.345666400157,1431.345666400157,1431.345666400157,1431.345666400157,11,C,2024-04-19_11h15.57.675,attentional_competition_task,2022.2.4,143.99884794680085,
positions.xlsx,positions_test.xlsx,positions_test_new.xlsx,stimuli.xlsx,stimuli_new.xlsx,stimuli/Social3.png,stimuli/Social4.png,stimuli/Nonsocial3.png,stimuli/Nonsocial4.png,stimuli/Social1.png,stimuli/Social2.png,stimuli/Nonsocial1.png,stimuli/Nonsocial2.png,,,"(-0.7, -0.5)",cs_neg_s_new,"(-0.7, 0.5)",cs_pos_s,"(0.7, -0.5)",cs_neg_ns,"(0.7, 0.5)",cs_pos_ns,0,0,0,0,,,,,,,,,,,,,,,,,,,,,,,,,,,,,0,20,20,17,,,,,,,,,,,,,,,,,,,,,,,,,,,,,,,,,,,,,,,,,,,,,,11,C,2024-04-19_11h15.57.675,attentional_competition_task,2022.2.4,143.99884794680085,
positions.xlsx,positions_test.xlsx,positions_test_new.xlsx,stimuli.xlsx,stimuli_new.xlsx,stimuli/Social3.png,stimuli/Social4.png,stimuli/Nonsocial3.png,stimuli/Nonsocial4.png,stimuli/Social1.png,stimuli/Social2.png,stimuli/Nonsocial1.png,stimuli/Nonsocial2.png,,,"(-0.7, -0.5)",cs_neg_ns,"(-0.7, 0.5)",cs_pos_s_new,"(0.7, -0.5)",cs_neg_s,"(0.7, 0.5)",cs_pos_ns,0,0,0,0,,,,,,,,,,,,,,,,,,,,,,,,,,,,,0,21,21,29,0,0,0,0,,,,,,,,,,,,,,,438,reward,,,,,,1438.4148460999131,1438.4148460999131,1438.4148460999131,1438.4148460999131,0,,,0,,,0,,,1,0.9538339995779097,0.9538390999659896,1439.3731571999379,1439.3731571999379,1439.3731571999379,1439.3731571999379,11,C,2024-04-19_11h15.57.675,attentional_competition_task,2022.2.4,143.99884794680085,
positions.xlsx,positions_test.xlsx,positions_test_new.xlsx,stimuli.xlsx,stimuli_new.xlsx,stimuli/Social3.png,stimuli/Social4.png,stimuli/Nonsocial3.png,stimuli/Nonsocial4.png,stimuli/Social1.png,stimuli/Social2.png,stimuli/Nonsocial1.png,stimuli/Nonsocial2.png,,,"(-0.7, -0.5)",cs_neg_ns,"(-0.7, 0.5)",cs_pos_s_new,"(0.7, -0.5)",cs_neg_s,"(0.7, 0.5)",cs_pos_ns,0,0,0,0,,,,,,,,,,,,,,,,,,,,,,,,,,,,,0,21,21,29,1,0,1,0,,,,,,,,,,,,,,,435,loss,,,,,,1439.90783130005,1439.90783130005,1439.90783130005,1439.90783130005,0,,,0,,,1,0.030988099984824657,0.030992799904197454,0,,,1439.90783130005,1439.90783130005,1439.90783130005,1439.90783130005,11,C,2024-04-19_11h15.57.675,attentional_competition_task,2022.2.4,143.99884794680085,
positions.xlsx,positions_test.xlsx,positions_test_new.xlsx,stimuli.xlsx,stimuli_new.xlsx,stimuli/Social3.png,stimuli/Social4.png,stimuli/Nonsocial3.png,stimuli/Nonsocial4.png,stimuli/Social1.png,stimuli/Social2.png,stimuli/Nonsocial1.png,stimuli/Nonsocial2.png,,,"(-0.7, -0.5)",cs_neg_ns,"(-0.7, 0.5)",cs_pos_s_new,"(0.7, -0.5)",cs_neg_s,"(0.7, 0.5)",cs_pos_ns,0,0,0,0,,,,,,,,,,,,,,,,,,,,,,,,,,,,,0,21,21,29,2,0,2,0,,,,,,,,,,,,,,,438,reward,,,,,,1440.9355752002448,1440.9355752002448,1440.9355752002448,1440.9355752002448,0,,,1,0.022373999934643507,0.02237850008532405,0,,,0,,,1440.9355752002448,1440.9355752002448,1440.9355752002448,1440.9355752002448,11,C,2024-04-19_11h15.57.675,attentional_competition_task,2022.2.4,143.99884794680085,
positions.xlsx,positions_test.xlsx,positions_test_new.xlsx,stimuli.xlsx,stimuli_new.xlsx,stimuli/Social3.png,stimuli/Social4.png,stimuli/Nonsocial3.png,stimuli/Nonsocial4.png,stimuli/Social1.png,stimuli/Social2.png,stimuli/Nonsocial1.png,stimuli/Nonsocial2.png,,,"(-0.7, -0.5)",cs_neg_ns,"(-0.7, 0.5)",cs_pos_s_new,"(0.7, -0.5)",cs_neg_s,"(0.7, 0.5)",cs_pos_ns,0,0,0,0,,,,,,,,,,,,,,,,,,,,,,,,,,,,,0,21,21,29,,,,,,,,,,,,,,,,,,,,,,,,,,,,,,,,,,,,,,,,,,,,,,11,C,2024-04-19_11h15.57.675,attentional_competition_task,2022.2.4,143.99884794680085,
positions.xlsx,positions_test.xlsx,positions_test_new.xlsx,stimuli.xlsx,stimuli_new.xlsx,stimuli/Social3.png,stimuli/Social4.png,stimuli/Nonsocial3.png,stimuli/Nonsocial4.png,stimuli/Social1.png,stimuli/Social2.png,stimuli/Nonsocial1.png,stimuli/Nonsocial2.png,,,"(-0.7, -0.5)",cs_neg_s_new,"(-0.7, 0.5)",cs_pos_s,"(0.7, -0.5)",cs_pos_ns,"(0.7, 0.5)",cs_neg_ns,0,0,0,0,,,,,,,,,,,,,,,,,,,,,,,,,,,,,0,22,22,14,0,0,0,0,,,,,,,,,,,,,,,441,reward,,,,,,1446.539532400202,1446.539532400202,1446.539532400202,1446.539532400202,0,,,1,0.571031800005585,0.571036099921912,0,,,0,,,1447.115913900081,1447.115913900081,1447.115913900081,1447.115913900081,11,C,2024-04-19_11h15.57.675,attentional_competition_task,2022.2.4,143.99884794680085,
positions.xlsx,positions_test.xlsx,positions_test_new.xlsx,stimuli.xlsx,stimuli_new.xlsx,stimuli/Social3.png,stimuli/Social4.png,stimuli/Nonsocial3.png,stimuli/Nonsocial4.png,stimuli/Social1.png,stimuli/Social2.png,stimuli/Nonsocial1.png,stimuli/Nonsocial2.png,,,"(-0.7, -0.5)",cs_neg_s_new,"(-0.7, 0.5)",cs_pos_s,"(0.7, -0.5)",cs_pos_ns,"(0.7, 0.5)",cs_neg_ns,0,0,0,0,,,,,,,,,,,,,,,,,,,,,,,,,,,,,0,22,22,14,1,0,1,0,,,,,,,,,,,,,,,438,loss,,,,,,1447.6436469000764,1447.6436469000764,1447.6436469000764,1447.6436469000764,0,,,0,,,0,,,1,0.024915399961173534,0.02492070011794567,1447.6436469000764,1447.6436469000764,1447.6436469000764,1447.6436469000764,11,C,2024-04-19_11h15.57.675,attentional_competition_task,2022.2.4,143.99884794680085,
positions.xlsx,positions_test.xlsx,positions_test_new.xlsx,stimuli.xlsx,stimuli_new.xlsx,stimuli/Social3.png,stimuli/Social4.png,stimuli/Nonsocial3.png,stimuli/Nonsocial4.png,stimuli/Social1.png,stimuli/Social2.png,stimuli/Nonsocial1.png,stimuli/Nonsocial2.png,,,"(-0.7, -0.5)",cs_neg_s_new,"(-0.7, 0.5)",cs_pos_s,"(0.7, -0.5)",cs_pos_ns,"(0.7, 0.5)",cs_neg_ns,0,0,0,0,,,,,,,,,,,,,,,,,,,,,,,,,,,,,0,22,22,14,2,0,2,0,,,,,,,,,,,,,,,441,reward,,,,,,1448.1783473002724,1448.1783473002724,1448.1783473002724,1448.1783473002724,0,,,0,,,1,0.03020030027255416,0.03020460018888116,0,,,1448.1783473002724,1448.1783473002724,1448.1783473002724,1448.1783473002724,11,C,2024-04-19_11h15.57.675,attentional_competition_task,2022.2.4,143.99884794680085,
positions.xlsx,positions_test.xlsx,positions_test_new.xlsx,stimuli.xlsx,stimuli_new.xlsx,stimuli/Social3.png,stimuli/Social4.png,stimuli/Nonsocial3.png,stimuli/Nonsocial4.png,stimuli/Social1.png,stimuli/Social2.png,stimuli/Nonsocial1.png,stimuli/Nonsocial2.png,,,"(-0.7, -0.5)",cs_neg_s_new,"(-0.7, 0.5)",cs_pos_s,"(0.7, -0.5)",cs_pos_ns,"(0.7, 0.5)",cs_neg_ns,0,0,0,0,,,,,,,,,,,,,,,,,,,,,,,,,,,,,0,22,22,14,,,,,,,,,,,,,,,,,,,,,,,,,,,,,,,,,,,,,,,,,,,,,,11,C,2024-04-19_11h15.57.675,attentional_competition_task,2022.2.4,143.99884794680085,
positions.xlsx,positions_test.xlsx,positions_test_new.xlsx,stimuli.xlsx,stimuli_new.xlsx,stimuli/Social3.png,stimuli/Social4.png,stimuli/Nonsocial3.png,stimuli/Nonsocial4.png,stimuli/Social1.png,stimuli/Social2.png,stimuli/Nonsocial1.png,stimuli/Nonsocial2.png,,,"(-0.7, -0.5)",cs_neg_ns,"(-0.7, 0.5)",cs_pos_s,"(0.7, -0.5)",cs_pos_ns,"(0.7, 0.5)",cs_neg_s_new,0,0,0,0,,,,,,,,,,,,,,,,,,,,,,,,,,,,,0,23,23,15,0,0,0,0,,,,,,,,,,,,,,,444,reward,,,,,,1455.4281115001068,1455.4281115001068,1455.4281115001068,1455.4281115001068,0,,,1,0.7172389002516866,0.7172439000569284,0,,,0,,,1456.1433168002404,1456.1433168002404,1456.1433168002404,1456.1433168002404,11,C,2024-04-19_11h15.57.675,attentional_competition_task,2022.2.4,143.99884794680085,
positions.xlsx,positions_test.xlsx,positions_test_new.xlsx,stimuli.xlsx,stimuli_new.xlsx,stimuli/Social3.png,stimuli/Social4.png,stimuli/Nonsocial3.png,stimuli/Nonsocial4.png,stimuli/Social1.png,stimuli/Social2.png,stimuli/Nonsocial1.png,stimuli/Nonsocial2.png,,,"(-0.7, -0.5)",cs_neg_ns,"(-0.7, 0.5)",cs_pos_s,"(0.7, -0.5)",cs_pos_ns,"(0.7, 0.5)",cs_neg_s_new,0,0,0,0,,,,,,,,,,,,,,,,,,,,,,,,,,,,,0,23,23,15,1,0,1,0,,,,,,,,,,,,,,,441,loss,,,,,,1456.6849416000769,1456.6849416000769,1456.6849416000769,1456.6849416000769,1,0.02869589999318123,0.02870040014386177,0,,,0,,,0,,,1456.6849416000769,1456.6849416000769,1456.6849416000769,1456.6849416000769,11,C,2024-04-19_11h15.57.675,attentional_competition_task,2022.2.4,143.99884794680085,
positions.xlsx,positions_test.xlsx,positions_test_new.xlsx,stimuli.xlsx,stimuli_new.xlsx,stimuli/Social3.png,stimuli/Social4.png,stimuli/Nonsocial3.png,stimuli/Nonsocial4.png,stimuli/Social1.png,stimuli/Social2.png,stimuli/Nonsocial1.png,stimuli/Nonsocial2.png,,,"(-0.7, -0.5)",cs_neg_ns,"(-0.7, 0.5)",cs_pos_s,"(0.7, -0.5)",cs_pos_ns,"(0.7, 0.5)",cs_neg_s_new,0,0,0,0,,,,,,,,,,,,,,,,,,,,,,,,,,,,,0,23,23,15,2,0,2,0,,,,,,,,,,,,,,,444,reward,,,,,,1457.2126905000769,1457.2126905000769,1457.2126905000769,1457.2126905000769,0,,,0,,,1,0.02687410032376647,0.02687840024009347,0,,,1457.2126905000769,1457.2126905000769,1457.2126905000769,1457.2126905000769,11,C,2024-04-19_11h15.57.675,attentional_competition_task,2022.2.4,143.99884794680085,
positions.xlsx,positions_test.xlsx,positions_test_new.xlsx,stimuli.xlsx,stimuli_new.xlsx,stimuli/Social3.png,stimuli/Social4.png,stimuli/Nonsocial3.png,stimuli/Nonsocial4.png,stimuli/Social1.png,stimuli/Social2.png,stimuli/Nonsocial1.png,stimuli/Nonsocial2.png,,,"(-0.7, -0.5)",cs_neg_ns,"(-0.7, 0.5)",cs_pos_s,"(0.7, -0.5)",cs_pos_ns,"(0.7, 0.5)",cs_neg_s_new,0,0,0,0,,,,,,,,,,,,,,,,,,,,,,,,,,,,,0,23,23,15,,,,,,,,,,,,,,,,,,,,,,,,,,,,,,,,,,,,,,,,,,,,,,11,C,2024-04-19_11h15.57.675,attentional_competition_task,2022.2.4,143.99884794680085,
positions.xlsx,positions_test.xlsx,positions_test_new.xlsx,stimuli.xlsx,stimuli_new.xlsx,stimuli/Social3.png,stimuli/Social4.png,stimuli/Nonsocial3.png,stimuli/Nonsocial4.png,stimuli/Social1.png,stimuli/Social2.png,stimuli/Nonsocial1.png,stimuli/Nonsocial2.png,,,"(-0.7, -0.5)",cs_pos_s,"(-0.7, 0.5)",cs_neg_ns,"(0.7, -0.5)",cs_pos_ns,"(0.7, 0.5)",cs_neg_s,0,0,0,0,,,,,,,,,,,,,,,,,,,,,,,,,,,,,0,24,24,7,0,0,0,0,,,,,,,,,,,,,,,441,loss,,,,,,1464.3582204002887,1464.3582204002887,1464.3582204002887,1464.3582204002887,0,,,1,0.5720556997694075,0.572060199920088,0,,,0,,,1464.9346095998771,1464.9346095998771,1464.9346095998771,1464.9346095998771,11,C,2024-04-19_11h15.57.675,attentional_competition_task,2022.2.4,143.99884794680085,
positions.xlsx,positions_test.xlsx,positions_test_new.xlsx,stimuli.xlsx,stimuli_new.xlsx,stimuli/Social3.png,stimuli/Social4.png,stimuli/Nonsocial3.png,stimuli/Nonsocial4.png,stimuli/Social1.png,stimuli/Social2.png,stimuli/Nonsocial1.png,stimuli/Nonsocial2.png,,,"(-0.7, -0.5)",cs_pos_s,"(-0.7, 0.5)",cs_neg_ns,"(0.7, -0.5)",cs_pos_ns,"(0.7, 0.5)",cs_neg_s,0,0,0,0,,,,,,,,,,,,,,,,,,,,,,,,,,,,,0,24,24,7,1,0,1,0,,,,,,,,,,,,,,,444,reward,,,,,,1465.469300699886,1465.469300699886,1465.469300699886,1465.469300699886,1,0.02946279989555478,0.02946770004928112,0,,,0,,,0,,,1465.469300699886,1465.469300699886,1465.469300699886,1465.469300699886,11,C,2024-04-19_11h15.57.675,attentional_competition_task,2022.2.4,143.99884794680085,
positions.xlsx,positions_test.xlsx,positions_test_new.xlsx,stimuli.xlsx,stimuli_new.xlsx,stimuli/Social3.png,stimuli/Social4.png,stimuli/Nonsocial3.png,stimuli/Nonsocial4.png,stimuli/Social1.png,stimuli/Social2.png,stimuli/Nonsocial1.png,stimuli/Nonsocial2.png,,,"(-0.7, -0.5)",cs_pos_s,"(-0.7, 0.5)",cs_neg_ns,"(0.7, -0.5)",cs_pos_ns,"(0.7, 0.5)",cs_neg_s,0,0,0,0,,,,,,,,,,,,,,,,,,,,,,,,,,,,,0,24,24,7,2,0,2,0,,,,,,,,,,,,,,,447,reward,,,,,,1466.004012499936,1466.004012499936,1466.004012499936,1466.004012499936,0,,,0,,,1,0.029706300236284733,0.029711300041526556,0,,,1466.004012499936,1466.004012499936,1466.004012499936,1466.004012499936,11,C,2024-04-19_11h15.57.675,attentional_competition_task,2022.2.4,143.99884794680085,
positions.xlsx,positions_test.xlsx,positions_test_new.xlsx,stimuli.xlsx,stimuli_new.xlsx,stimuli/Social3.png,stimuli/Social4.png,stimuli/Nonsocial3.png,stimuli/Nonsocial4.png,stimuli/Social1.png,stimuli/Social2.png,stimuli/Nonsocial1.png,stimuli/Nonsocial2.png,,,"(-0.7, -0.5)",cs_pos_s,"(-0.7, 0.5)",cs_neg_ns,"(0.7, -0.5)",cs_pos_ns,"(0.7, 0.5)",cs_neg_s,0,0,0,0,,,,,,,,,,,,,,,,,,,,,,,,,,,,,0,24,24,7,,,,,,,,,,,,,,,,,,,,,,,,,,,,,,,,,,,,,,,,,,,,,,11,C,2024-04-19_11h15.57.675,attentional_competition_task,2022.2.4,143.99884794680085,
positions.xlsx,positions_test.xlsx,positions_test_new.xlsx,stimuli.xlsx,stimuli_new.xlsx,stimuli/Social3.png,stimuli/Social4.png,stimuli/Nonsocial3.png,stimuli/Nonsocial4.png,stimuli/Social1.png,stimuli/Social2.png,stimuli/Nonsocial1.png,stimuli/Nonsocial2.png,,,"(-0.7, -0.5)",cs_neg_ns,"(-0.7, 0.5)",cs_neg_s,"(0.7, -0.5)",cs_pos_s_new,"(0.7, 0.5)",cs_pos_ns,0,0,0,0,,,,,,,,,,,,,,,,,,,,,,,,,,,,,0,25,25,37,0,0,0,0,,,,,,,,,,,,,,,450,reward,,,,,,1473.4273683000356,1473.4273683000356,1473.4273683000356,1473.4273683000356,0,,,0,,,0,,,1,0.6970387999899685,0.7043604999780655,1474.1356319002807,1474.1356319002807,1474.1356319002807,1474.1356319002807,11,C,2024-04-19_11h15.57.675,attentional_competition_task,2022.2.4,143.99884794680085,
positions.xlsx,positions_test.xlsx,positions_test_new.xlsx,stimuli.xlsx,stimuli_new.xlsx,stimuli/Social3.png,stimuli/Social4.png,stimuli/Nonsocial3.png,stimuli/Nonsocial4.png,stimuli/Social1.png,stimuli/Social2.png,stimuli/Nonsocial1.png,stimuli/Nonsocial2.png,,,"(-0.7, -0.5)",cs_neg_ns,"(-0.7, 0.5)",cs_neg_s,"(0.7, -0.5)",cs_pos_s_new,"(0.7, 0.5)",cs_pos_ns,0,0,0,0,,,,,,,,,,,,,,,,,,,,,,,,,,,,,0,25,25,37,1,0,1,0,,,,,,,,,,,,,,,453,reward,,,,,,1474.6703309002332,1474.6703309002332,1474.6703309002332,1474.6703309002332,0,,,0,,,1,0.030032699927687645,0.0300371996127069,0,,,1474.6703309002332,1474.6703309002332,1474.6703309002332,1474.6703309002332,11,C,2024-04-19_11h15.57.675,attentional_competition_task,2022.2.4,143.99884794680085,
positions.xlsx,positions_test.xlsx,positions_test_new.xlsx,stimuli.xlsx,stimuli_new.xlsx,stimuli/Social3.png,stimuli/Social4.png,stimuli/Nonsocial3.png,stimuli/Nonsocial4.png,stimuli/Social1.png,stimuli/Social2.png,stimuli/Nonsocial1.png,stimuli/Nonsocial2.png,,,"(-0.7, -0.5)",cs_neg_ns,"(-0.7, 0.5)",cs_neg_s,"(0.7, -0.5)",cs_pos_s_new,"(0.7, 0.5)",cs_pos_ns,0,0,0,0,,,,,,,,,,,,,,,,,,,,,,,,,,,,,0,25,25,37,2,0,2,0,,,,,,,,,,,,,,,450,loss,,,,,,1475.2050298000686,1475.2050298000686,1475.2050298000686,1475.2050298000686,0,,,1,0.029329499695450068,0.02933389972895384,0,,,0,,,1475.2050298000686,1475.2050298000686,1475.2050298000686,1475.2050298000686,11,C,2024-04-19_11h15.57.675,attentional_competition_task,2022.2.4,143.99884794680085,
positions.xlsx,positions_test.xlsx,positions_test_new.xlsx,stimuli.xlsx,stimuli_new.xlsx,stimuli/Social3.png,stimuli/Social4.png,stimuli/Nonsocial3.png,stimuli/Nonsocial4.png,stimuli/Social1.png,stimuli/Social2.png,stimuli/Nonsocial1.png,stimuli/Nonsocial2.png,,,"(-0.7, -0.5)",cs_neg_ns,"(-0.7, 0.5)",cs_neg_s,"(0.7, -0.5)",cs_pos_s_new,"(0.7, 0.5)",cs_pos_ns,0,0,0,0,,,,,,,,,,,,,,,,,,,,,,,,,,,,,0,25,25,37,,,,,,,,,,,,,,,,,,,,,,,,,,,,,,,,,,,,,,,,,,,,,,11,C,2024-04-19_11h15.57.675,attentional_competition_task,2022.2.4,143.99884794680085,
positions.xlsx,positions_test.xlsx,positions_test_new.xlsx,stimuli.xlsx,stimuli_new.xlsx,stimuli/Social3.png,stimuli/Social4.png,stimuli/Nonsocial3.png,stimuli/Nonsocial4.png,stimuli/Social1.png,stimuli/Social2.png,stimuli/Nonsocial1.png,stimuli/Nonsocial2.png,,,"(-0.7, -0.5)",cs_neg_ns,"(-0.7, 0.5)",cs_pos_ns,"(0.7, -0.5)",cs_neg_s_new,"(0.7, 0.5)",cs_pos_s,0,0,0,0,,,,,,,,,,,,,,,,,,,,,,,,,,,,,0,26,26,8,0,0,0,0,,,,,,,,,,,,,,,453,reward,,,,,,1482.1561495000497,1482.1561495000497,1482.1561495000497,1482.1561495000497,0,,,1,0.48821919970214367,0.4882233999669552,0,,,0,,,1482.6492138002068,1482.6492138002068,1482.6492138002068,1482.6492138002068,11,C,2024-04-19_11h15.57.675,attentional_competition_task,2022.2.4,143.99884794680085,
positions.xlsx,positions_test.xlsx,positions_test_new.xlsx,stimuli.xlsx,stimuli_new.xlsx,stimuli/Social3.png,stimuli/Social4.png,stimuli/Nonsocial3.png,stimuli/Nonsocial4.png,stimuli/Social1.png,stimuli/Social2.png,stimuli/Nonsocial1.png,stimuli/Nonsocial2.png,,,"(-0.7, -0.5)",cs_neg_ns,"(-0.7, 0.5)",cs_pos_ns,"(0.7, -0.5)",cs_neg_s_new,"(0.7, 0.5)",cs_pos_s,0,0,0,0,,,,,,,,,,,,,,,,,,,,,,,,,,,,,0,26,26,8,1,0,1,0,,,,,,,,,,,,,,,456,reward,,,,,,1483.183879500255,1483.183879500255,1483.183879500255,1483.183879500255,0,,,0,,,0,,,1,0.028891799971461296,0.028896200004965067,1483.183879500255,1483.183879500255,1483.183879500255,1483.183879500255,11,C,2024-04-19_11h15.57.675,attentional_competition_task,2022.2.4,143.99884794680085,
positions.xlsx,positions_test.xlsx,positions_test_new.xlsx,stimuli.xlsx,stimuli_new.xlsx,stimuli/Social3.png,stimuli/Social4.png,stimuli/Nonsocial3.png,stimuli/Nonsocial4.png,stimuli/Social1.png,stimuli/Social2.png,stimuli/Nonsocial1.png,stimuli/Nonsocial2.png,,,"(-0.7, -0.5)",cs_neg_ns,"(-0.7, 0.5)",cs_pos_ns,"(0.7, -0.5)",cs_neg_s_new,"(0.7, 0.5)",cs_pos_s,0,0,0,0,,,,,,,,,,,,,,,,,,,,,,,,,,,,,0,26,26,8,2,0,2,0,,,,,,,,,,,,,,,459,reward,,,,,,1483.6838330999017,1483.6838330999017,1483.6838330999017,1483.6838330999017,0,,,0,,,0,,,1,0.025126799941062927,0.48399699991568923,1484.6699413000606,1484.6699413000606,1484.6699413000606,1484.6699413000606,11,C,2024-04-19_11h15.57.675,attentional_competition_task,2022.2.4,143.99884794680085,
positions.xlsx,positions_test.xlsx,positions_test_new.xlsx,stimuli.xlsx,stimuli_new.xlsx,stimuli/Social3.png,stimuli/Social4.png,stimuli/Nonsocial3.png,stimuli/Nonsocial4.png,stimuli/Social1.png,stimuli/Social2.png,stimuli/Nonsocial1.png,stimuli/Nonsocial2.png,,,"(-0.7, -0.5)",cs_neg_ns,"(-0.7, 0.5)",cs_pos_ns,"(0.7, -0.5)",cs_neg_s_new,"(0.7, 0.5)",cs_pos_s,0,0,0,0,,,,,,,,,,,,,,,,,,,,,,,,,,,,,0,26,26,8,,,,,,,,,,,,,,,,,,,,,,,,,,,,,,,,,,,,,,,,,,,,,,11,C,2024-04-19_11h15.57.675,attentional_competition_task,2022.2.4,143.99884794680085,
positions.xlsx,positions_test.xlsx,positions_test_new.xlsx,stimuli.xlsx,stimuli_new.xlsx,stimuli/Social3.png,stimuli/Social4.png,stimuli/Nonsocial3.png,stimuli/Nonsocial4.png,stimuli/Social1.png,stimuli/Social2.png,stimuli/Nonsocial1.png,stimuli/Nonsocial2.png,,,"(-0.7, -0.5)",cs_pos_ns_new,"(-0.7, 0.5)",cs_neg_ns,"(0.7, -0.5)",cs_neg_s,"(0.7, 0.5)",cs_pos_s,0,0,0,0,,,,,,,,,,,,,,,,,,,,,,,,,,,,,0,27,27,42,0,0,0,0,,,,,,,,,,,,,,,462,reward,,,,,,1490.961379100103,1490.961379100103,1490.961379100103,1490.961379100103,0,,,0,,,0,,,1,0.5098731000907719,0.5098776002414525,1491.4752258001827,1491.4752258001827,1491.4752258001827,1491.4752258001827,11,C,2024-04-19_11h15.57.675,attentional_competition_task,2022.2.4,143.99884794680085,
positions.xlsx,positions_test.xlsx,positions_test_new.xlsx,stimuli.xlsx,stimuli_new.xlsx,stimuli/Social3.png,stimuli/Social4.png,stimuli/Nonsocial3.png,stimuli/Nonsocial4.png,stimuli/Social1.png,stimuli/Social2.png,stimuli/Nonsocial1.png,stimuli/Nonsocial2.png,,,"(-0.7, -0.5)",cs_pos_ns_new,"(-0.7, 0.5)",cs_neg_ns,"(0.7, -0.5)",cs_neg_s,"(0.7, 0.5)",cs_pos_s,0,0,0,0,,,,,,,,,,,,,,,,,,,,,,,,,,,,,0,27,27,42,1,0,1,0,,,,,,,,,,,,,,,459,loss,,,,,,1492.009936499875,1492.009936499875,1492.009936499875,1492.009936499875,0,,,1,0.029839499853551388,0.02984400000423193,0,,,0,,,1492.009936499875,1492.009936499875,1492.009936499875,1492.009936499875,11,C,2024-04-19_11h15.57.675,attentional_competition_task,2022.2.4,143.99884794680085,
positions.xlsx,positions_test.xlsx,positions_test_new.xlsx,stimuli.xlsx,stimuli_new.xlsx,stimuli/Social3.png,stimuli/Social4.png,stimuli/Nonsocial3.png,stimuli/Nonsocial4.png,stimuli/Social1.png,stimuli/Social2.png,stimuli/Nonsocial1.png,stimuli/Nonsocial2.png,,,"(-0.7, -0.5)",cs_pos_ns_new,"(-0.7, 0.5)",cs_neg_ns,"(0.7, -0.5)",cs_neg_s,"(0.7, 0.5)",cs_pos_s,0,0,0,0,,,,,,,,,,,,,,,,,,,,,,,,,,,,,0,27,27,42,2,0,2,0,,,,,,,,,,,,,,,462,reward,,,,,,1492.5377127998509,1492.5377127998509,1492.5377127998509,1492.5377127998509,1,0.02383790025487542,0.023842900060117245,0,,,0,,,0,,,1492.5377127998509,1492.5377127998509,1492.5377127998509,1492.5377127998509,11,C,2024-04-19_11h15.57.675,attentional_competition_task,2022.2.4,143.99884794680085,
positions.xlsx,positions_test.xlsx,positions_test_new.xlsx,stimuli.xlsx,stimuli_new.xlsx,stimuli/Social3.png,stimuli/Social4.png,stimuli/Nonsocial3.png,stimuli/Nonsocial4.png,stimuli/Social1.png,stimuli/Social2.png,stimuli/Nonsocial1.png,stimuli/Nonsocial2.png,,,"(-0.7, -0.5)",cs_pos_ns_new,"(-0.7, 0.5)",cs_neg_ns,"(0.7, -0.5)",cs_neg_s,"(0.7, 0.5)",cs_pos_s,0,0,0,0,,,,,,,,,,,,,,,,,,,,,,,,,,,,,0,27,27,42,,,,,,,,,,,,,,,,,,,,,,,,,,,,,,,,,,,,,,,,,,,,,,11,C,2024-04-19_11h15.57.675,attentional_competition_task,2022.2.4,143.99884794680085,
positions.xlsx,positions_test.xlsx,positions_test_new.xlsx,stimuli.xlsx,stimuli_new.xlsx,stimuli/Social3.png,stimuli/Social4.png,stimuli/Nonsocial3.png,stimuli/Nonsocial4.png,stimuli/Social1.png,stimuli/Social2.png,stimuli/Nonsocial1.png,stimuli/Nonsocial2.png,,,"(-0.7, -0.5)",cs_neg_s,"(-0.7, 0.5)",cs_pos_s,"(0.7, -0.5)",cs_pos_ns_new,"(0.7, 0.5)",cs_neg_ns,0,0,0,0,,,,,,,,,,,,,,,,,,,,,,,,,,,,,0,28,28,44,0,0,0,0,,,,,,,,,,,,,,,465,reward,,,,,,1499.9123853002675,1499.9123853002675,1499.9123853002675,1499.9123853002675,0,,,1,0.5848435000516474,0.5848480998538435,0,,,0,,,1500.4956785002723,1500.4956785002723,1500.4956785002723,1500.4956785002723,11,C,2024-04-19_11h15.57.675,attentional_competition_task,2022.2.4,143.99884794680085,
positions.xlsx,positions_test.xlsx,positions_test_new.xlsx,stimuli.xlsx,stimuli_new.xlsx,stimuli/Social3.png,stimuli/Social4.png,stimuli/Nonsocial3.png,stimuli/Nonsocial4.png,stimuli/Social1.png,stimuli/Social2.png,stimuli/Nonsocial1.png,stimuli/Nonsocial2.png,,,"(-0.7, -0.5)",cs_neg_s,"(-0.7, 0.5)",cs_pos_s,"(0.7, -0.5)",cs_pos_ns_new,"(0.7, 0.5)",cs_neg_ns,0,0,0,0,,,,,,,,,,,,,,,,,,,,,,,,,,,,,0,28,28,44,1,0,1,0,,,,,,,,,,,,,,,462,loss,,,,,,1501.0303668002598,1501.0303668002598,1501.0303668002598,1501.0303668002598,0,,,0,,,0,,,1,0.024288299959152937,0.024292600341141224,1501.0303668002598,1501.0303668002598,1501.0303668002598,1501.0303668002598,11,C,2024-04-19_11h15.57.675,attentional_competition_task,2022.2.4,143.99884794680085,
positions.xlsx,positions_test.xlsx,positions_test_new.xlsx,stimuli.xlsx,stimuli_new.xlsx,stimuli/Social3.png,stimuli/Social4.png,stimuli/Nonsocial3.png,stimuli/Nonsocial4.png,stimuli/Social1.png,stimuli/Social2.png,stimuli/Nonsocial1.png,stimuli/Nonsocial2.png,,,"(-0.7, -0.5)",cs_neg_s,"(-0.7, 0.5)",cs_pos_s,"(0.7, -0.5)",cs_pos_ns_new,"(0.7, 0.5)",cs_neg_ns,0,0,0,0,,,,,,,,,,,,,,,,,,,,,,,,,,,,,0,28,28,44,2,0,2,0,,,,,,,,,,,,,,,465,reward,,,,,,1501.5650852001272,1501.5650852001272,1501.5650852001272,1501.5650852001272,0,,,0,,,1,0.03119499981403351,0.031199699733406305,0,,,1501.5650852001272,1501.5650852001272,1501.5650852001272,1501.5650852001272,11,C,2024-04-19_11h15.57.675,attentional_competition_task,2022.2.4,143.99884794680085,
positions.xlsx,positions_test.xlsx,positions_test_new.xlsx,stimuli.xlsx,stimuli_new.xlsx,stimuli/Social3.png,stimuli/Social4.png,stimuli/Nonsocial3.png,stimuli/Nonsocial4.png,stimuli/Social1.png,stimuli/Social2.png,stimuli/Nonsocial1.png,stimuli/Nonsocial2.png,,,"(-0.7, -0.5)",cs_neg_s,"(-0.7, 0.5)",cs_pos_s,"(0.7, -0.5)",cs_pos_ns_new,"(0.7, 0.5)",cs_neg_ns,0,0,0,0,,,,,,,,,,,,,,,,,,,,,,,,,,,,,0,28,28,44,,,,,,,,,,,,,,,,,,,,,,,,,,,,,,,,,,,,,,,,,,,,,,11,C,2024-04-19_11h15.57.675,attentional_competition_task,2022.2.4,143.99884794680085,
positions.xlsx,positions_test.xlsx,positions_test_new.xlsx,stimuli.xlsx,stimuli_new.xlsx,stimuli/Social3.png,stimuli/Social4.png,stimuli/Nonsocial3.png,stimuli/Nonsocial4.png,stimuli/Social1.png,stimuli/Social2.png,stimuli/Nonsocial1.png,stimuli/Nonsocial2.png,,,"(-0.7, -0.5)",cs_pos_ns,"(-0.7, 0.5)",cs_neg_ns,"(0.7, -0.5)",cs_neg_s,"(0.7, 0.5)",cs_pos_s_new,0,0,0,0,,,,,,,,,,,,,,,,,,,,,,,,,,,,,0,29,29,31,0,0,0,0,,,,,,,,,,,,,,,462,loss,,,,,,1508.842642399948,1508.842642399948,1508.842642399948,1508.842642399948,0,,,1,0.5994513002224267,0.5994561999104917,0,,,0,,,1509.4536333000287,1509.4536333000287,1509.4536333000287,1509.4536333000287,11,C,2024-04-19_11h15.57.675,attentional_competition_task,2022.2.4,143.99884794680085,
positions.xlsx,positions_test.xlsx,positions_test_new.xlsx,stimuli.xlsx,stimuli_new.xlsx,stimuli/Social3.png,stimuli/Social4.png,stimuli/Nonsocial3.png,stimuli/Nonsocial4.png,stimuli/Social1.png,stimuli/Social2.png,stimuli/Nonsocial1.png,stimuli/Nonsocial2.png,,,"(-0.7, -0.5)",cs_pos_ns,"(-0.7, 0.5)",cs_neg_ns,"(0.7, -0.5)",cs_neg_s,"(0.7, 0.5)",cs_pos_s_new,0,0,0,0,,,,,,,,,,,,,,,,,,,,,,,,,,,,,0,29,29,31,1,0,1,0,,,,,,,,,,,,,,,465,reward,,,,,,1509.9883916000836,1509.9883916000836,1509.9883916000836,1509.9883916000836,1,0.028810299932956696,0.028814599849283695,0,,,0,,,0,,,1509.9883916000836,1509.9883916000836,1509.9883916000836,1509.9883916000836,11,C,2024-04-19_11h15.57.675,attentional_competition_task,2022.2.4,143.99884794680085,
positions.xlsx,positions_test.xlsx,positions_test_new.xlsx,stimuli.xlsx,stimuli_new.xlsx,stimuli/Social3.png,stimuli/Social4.png,stimuli/Nonsocial3.png,stimuli/Nonsocial4.png,stimuli/Social1.png,stimuli/Social2.png,stimuli/Nonsocial1.png,stimuli/Nonsocial2.png,,,"(-0.7, -0.5)",cs_pos_ns,"(-0.7, 0.5)",cs_neg_ns,"(0.7, -0.5)",cs_neg_s,"(0.7, 0.5)",cs_pos_s_new,0,0,0,0,,,,,,,,,,,,,,,,,,,,,,,,,,,,,0,29,29,31,2,0,2,0,,,,,,,,,,,,,,,468,reward,,,,,,1510.516133400146,1510.516133400146,1510.516133400146,1510.516133400146,0,,,0,,,0,,,1,0.0262941000983119,0.026298800017684698,1510.516133400146,1510.516133400146,1510.516133400146,1510.516133400146,11,C,2024-04-19_11h15.57.675,attentional_competition_task,2022.2.4,143.99884794680085,
positions.xlsx,positions_test.xlsx,positions_test_new.xlsx,stimuli.xlsx,stimuli_new.xlsx,stimuli/Social3.png,stimuli/Social4.png,stimuli/Nonsocial3.png,stimuli/Nonsocial4.png,stimuli/Social1.png,stimuli/Social2.png,stimuli/Nonsocial1.png,stimuli/Nonsocial2.png,,,"(-0.7, -0.5)",cs_pos_ns,"(-0.7, 0.5)",cs_neg_ns,"(0.7, -0.5)",cs_neg_s,"(0.7, 0.5)",cs_pos_s_new,0,0,0,0,,,,,,,,,,,,,,,,,,,,,,,,,,,,,0,29,29,31,,,,,,,,,,,,,,,,,,,,,,,,,,,,,,,,,,,,,,,,,,,,,,11,C,2024-04-19_11h15.57.675,attentional_competition_task,2022.2.4,143.99884794680085,
positions.xlsx,positions_test.xlsx,positions_test_new.xlsx,stimuli.xlsx,stimuli_new.xlsx,stimuli/Social3.png,stimuli/Social4.png,stimuli/Nonsocial3.png,stimuli/Nonsocial4.png,stimuli/Social1.png,stimuli/Social2.png,stimuli/Nonsocial1.png,stimuli/Nonsocial2.png,,,"(-0.7, -0.5)",cs_pos_s,"(-0.7, 0.5)",cs_pos_ns_new,"(0.7, -0.5)",cs_neg_ns,"(0.7, 0.5)",cs_neg_s,0,0,0,0,,,,,,,,,,,,,,,,,,,,,,,,,,,,,0,30,30,41,0,0,0,0,,,,,,,,,,,,,,,471,reward,,,,,,1516.9186189998873,1516.9186189998873,1516.9186189998873,1516.9186189998873,0,,,1,0.6272769002243876,0.6342513998970389,0,,,0,,,1517.5575182000175,1517.5575182000175,1517.5575182000175,1517.5575182000175,11,C,2024-04-19_11h15.57.675,attentional_competition_task,2022.2.4,143.99884794680085,
positions.xlsx,positions_test.xlsx,positions_test_new.xlsx,stimuli.xlsx,stimuli_new.xlsx,stimuli/Social3.png,stimuli/Social4.png,stimuli/Nonsocial3.png,stimuli/Nonsocial4.png,stimuli/Social1.png,stimuli/Social2.png,stimuli/Nonsocial1.png,stimuli/Nonsocial2.png,,,"(-0.7, -0.5)",cs_pos_s,"(-0.7, 0.5)",cs_pos_ns_new,"(0.7, -0.5)",cs_neg_ns,"(0.7, 0.5)",cs_neg_s,0,0,0,0,,,,,,,,,,,,,,,,,,,,,,,,,,,,,0,30,30,41,1,0,1,0,,,,,,,,,,,,,,,474,reward,,,,,,1518.0644336002879,1518.0644336002879,1518.0644336002879,1518.0644336002879,1,0.3698140997439623,0.36981880012899637,1,0.02947149984538555,0.35661219991743565,0,,,0,,,1518.4255496002734,1518.4255496002734,1518.4255496002734,1518.4255496002734,11,C,2024-04-19_11h15.57.675,attentional_competition_task,2022.2.4,143.99884794680085,
positions.xlsx,positions_test.xlsx,positions_test_new.xlsx,stimuli.xlsx,stimuli_new.xlsx,stimuli/Social3.png,stimuli/Social4.png,stimuli/Nonsocial3.png,stimuli/Nonsocial4.png,stimuli/Social1.png,stimuli/Social2.png,stimuli/Nonsocial1.png,stimuli/Nonsocial2.png,,,"(-0.7, -0.5)",cs_pos_s,"(-0.7, 0.5)",cs_pos_ns_new,"(0.7, -0.5)",cs_neg_ns,"(0.7, 0.5)",cs_neg_s,0,0,0,0,,,,,,,,,,,,,,,,,,,,,,,,,,,,,0,30,30,41,,,,,,,,,,,,,,,,,,,,,,,,,,,,,,,,,,,,,,,,,,,,,,11,C,2024-04-19_11h15.57.675,attentional_competition_task,2022.2.4,143.99884794680085,
positions.xlsx,positions_test.xlsx,positions_test_new.xlsx,stimuli.xlsx,stimuli_new.xlsx,stimuli/Social3.png,stimuli/Social4.png,stimuli/Nonsocial3.png,stimuli/Nonsocial4.png,stimuli/Social1.png,stimuli/Social2.png,stimuli/Nonsocial1.png,stimuli/Nonsocial2.png,,,"(-0.7, -0.5)",cs_pos_ns,"(-0.7, 0.5)",cs_neg_s,"(0.7, -0.5)",cs_neg_ns,"(0.7, 0.5)",cs_pos_s,0,0,0,0,,,,,,,,,,,,,,,,,,,,,,,,,,,,,0,31,31,1,0,0,0,0,,,,,,,,,,,,,,,477,reward,,,,,,1525.0781028000638,1525.0781028000638,1525.0781028000638,1525.0781028000638,1,0.6336234002374113,0.6408362002111971,0,,,0,,,0,,,1525.7238393998705,1525.7238393998705,1525.7238393998705,1525.7238393998705,11,C,2024-04-19_11h15.57.675,attentional_competition_task,2022.2.4,143.99884794680085,
positions.xlsx,positions_test.xlsx,positions_test_new.xlsx,stimuli.xlsx,stimuli_new.xlsx,stimuli/Social3.png,stimuli/Social4.png,stimuli/Nonsocial3.png,stimuli/Nonsocial4.png,stimuli/Social1.png,stimuli/Social2.png,stimuli/Nonsocial1.png,stimuli/Nonsocial2.png,,,"(-0.7, -0.5)",cs_pos_ns,"(-0.7, 0.5)",cs_neg_s,"(0.7, -0.5)",cs_neg_ns,"(0.7, 0.5)",cs_pos_s,0,0,0,0,,,,,,,,,,,,,,,,,,,,,,,,,,,,,0,31,31,1,1,0,1,0,,,,,,,,,,,,,,,474,loss,,,,,,1526.265527700074,1526.265527700074,1526.265527700074,1526.265527700074,0,,,1,0.03313660016283393,0.033143500331789255,0,,,0,,,1526.265527700074,1526.265527700074,1526.265527700074,1526.265527700074,11,C,2024-04-19_11h15.57.675,attentional_competition_task,2022.2.4,143.99884794680085,
positions.xlsx,positions_test.xlsx,positions_test_new.xlsx,stimuli.xlsx,stimuli_new.xlsx,stimuli/Social3.png,stimuli/Social4.png,stimuli/Nonsocial3.png,stimuli/Nonsocial4.png,stimuli/Social1.png,stimuli/Social2.png,stimuli/Nonsocial1.png,stimuli/Nonsocial2.png,,,"(-0.7, -0.5)",cs_pos_ns,"(-0.7, 0.5)",cs_neg_s,"(0.7, -0.5)",cs_neg_ns,"(0.7, 0.5)",cs_pos_s,0,0,0,0,,,,,,,,,,,,,,,,,,,,,,,,,,,,,0,31,31,1,2,0,2,0,,,,,,,,,,,,,,,477,reward,,,,,,1526.7932329000905,1526.7932329000905,1526.7932329000905,1526.7932329000905,0,,,0,,,0,,,1,0.02743820007890463,0.02744359988719225,1526.7932329000905,1526.7932329000905,1526.7932329000905,1526.7932329000905,11,C,2024-04-19_11h15.57.675,attentional_competition_task,2022.2.4,143.99884794680085,
positions.xlsx,positions_test.xlsx,positions_test_new.xlsx,stimuli.xlsx,stimuli_new.xlsx,stimuli/Social3.png,stimuli/Social4.png,stimuli/Nonsocial3.png,stimuli/Nonsocial4.png,stimuli/Social1.png,stimuli/Social2.png,stimuli/Nonsocial1.png,stimuli/Nonsocial2.png,,,"(-0.7, -0.5)",cs_pos_ns,"(-0.7, 0.5)",cs_neg_s,"(0.7, -0.5)",cs_neg_ns,"(0.7, 0.5)",cs_pos_s,0,0,0,0,,,,,,,,,,,,,,,,,,,,,,,,,,,,,0,31,31,1,,,,,,,,,,,,,,,,,,,,,,,,,,,,,,,,,,,,,,,,,,,,,,11,C,2024-04-19_11h15.57.675,attentional_competition_task,2022.2.4,143.99884794680085,
positions.xlsx,positions_test.xlsx,positions_test_new.xlsx,stimuli.xlsx,stimuli_new.xlsx,stimuli/Social3.png,stimuli/Social4.png,stimuli/Nonsocial3.png,stimuli/Nonsocial4.png,stimuli/Social1.png,stimuli/Social2.png,stimuli/Nonsocial1.png,stimuli/Nonsocial2.png,,,"(-0.7, -0.5)",cs_neg_ns,"(-0.7, 0.5)",cs_pos_s,"(0.7, -0.5)",cs_neg_s,"(0.7, 0.5)",cs_pos_ns_new,0,0,0,0,,,,,,,,,,,,,,,,,,,,,,,,,,,,,0,32,32,38,0,0,0,0,,,,,,,,,,,,,,,474,loss,,,,,,1533.3207526998594,1533.3207526998594,1533.3207526998594,1533.3207526998594,1,0.6338785998523235,0.6338829998858273,0,,,0,,,0,,,1533.9596036998555,1533.9596036998555,1533.9596036998555,1533.9596036998555,11,C,2024-04-19_11h15.57.675,attentional_competition_task,2022.2.4,143.99884794680085,
positions.xlsx,positions_test.xlsx,positions_test_new.xlsx,stimuli.xlsx,stimuli_new.xlsx,stimuli/Social3.png,stimuli/Social4.png,stimuli/Nonsocial3.png,stimuli/Nonsocial4.png,stimuli/Social1.png,stimuli/Social2.png,stimuli/Nonsocial1.png,stimuli/Nonsocial2.png,,,"(-0.7, -0.5)",cs_neg_ns,"(-0.7, 0.5)",cs_pos_s,"(0.7, -0.5)",cs_neg_s,"(0.7, 0.5)",cs_pos_ns_new,0,0,0,0,,,,,,,,,,,,,,,,,,,,,,,,,,,,,0,32,32,38,1,0,1,0,,,,,,,,,,,,,,,477,reward,,,,,,1534.4943504002877,1534.4943504002877,1534.4943504002877,1534.4943504002877,0,,,1,0.030899299774318933,0.0309044998139143,0,,,0,,,1534.4943504002877,1534.4943504002877,1534.4943504002877,1534.4943504002877,11,C,2024-04-19_11h15.57.675,attentional_competition_task,2022.2.4,143.99884794680085,
positions.xlsx,positions_test.xlsx,positions_test_new.xlsx,stimuli.xlsx,stimuli_new.xlsx,stimuli/Social3.png,stimuli/Social4.png,stimuli/Nonsocial3.png,stimuli/Nonsocial4.png,stimuli/Social1.png,stimuli/Social2.png,stimuli/Nonsocial1.png,stimuli/Nonsocial2.png,,,"(-0.7, -0.5)",cs_neg_ns,"(-0.7, 0.5)",cs_pos_s,"(0.7, -0.5)",cs_neg_s,"(0.7, 0.5)",cs_pos_ns_new,0,0,0,0,,,,,,,,,,,,,,,,,,,,,,,,,,,,,0,32,32,38,2,0,2,0,,,,,,,,,,,,,,,480,reward,,,,,,1535.0290358001366,1535.0290358001366,1535.0290358001366,1535.0290358001366,0,,,0,,,0,,,1,0.03109910013154149,0.031103800050914288,1535.0290358001366,1535.0290358001366,1535.0290358001366,1535.0290358001366,11,C,2024-04-19_11h15.57.675,attentional_competition_task,2022.2.4,143.99884794680085,
positions.xlsx,positions_test.xlsx,positions_test_new.xlsx,stimuli.xlsx,stimuli_new.xlsx,stimuli/Social3.png,stimuli/Social4.png,stimuli/Nonsocial3.png,stimuli/Nonsocial4.png,stimuli/Social1.png,stimuli/Social2.png,stimuli/Nonsocial1.png,stimuli/Nonsocial2.png,,,"(-0.7, -0.5)",cs_neg_ns,"(-0.7, 0.5)",cs_pos_s,"(0.7, -0.5)",cs_neg_s,"(0.7, 0.5)",cs_pos_ns_new,0,0,0,0,,,,,,,,,,,,,,,,,,,,,,,,,,,,,0,32,32,38,,,,,,,,,,,,,,,,,,,,,,,,,,,,,,,,,,,,,,,,,,,,,,11,C,2024-04-19_11h15.57.675,attentional_competition_task,2022.2.4,143.99884794680085,
positions.xlsx,positions_test.xlsx,positions_test_new.xlsx,stimuli.xlsx,stimuli_new.xlsx,stimuli/Social3.png,stimuli/Social4.png,stimuli/Nonsocial3.png,stimuli/Nonsocial4.png,stimuli/Social1.png,stimuli/Social2.png,stimuli/Nonsocial1.png,stimuli/Nonsocial2.png,,,"(-0.7, -0.5)",cs_neg_ns,"(-0.7, 0.5)",cs_neg_s,"(0.7, -0.5)",cs_pos_s,"(0.7, 0.5)",cs_pos_ns_new,0,0,0,0,,,,,,,,,,,,,,,,,,,,,,,,,,,,,0,33,33,46,0,0,0,0,,,,,,,,,,,,,,,483,reward,,,,,,1541.202402099967,1541.202402099967,1541.202402099967,1541.202402099967,0,,,0,,,1,0.6133041996508837,0.6133109997026622,0,,,1541.82043039985,1541.82043039985,1541.82043039985,1541.82043039985,11,C,2024-04-19_11h15.57.675,attentional_competition_task,2022.2.4,143.99884794680085,
positions.xlsx,positions_test.xlsx,positions_test_new.xlsx,stimuli.xlsx,stimuli_new.xlsx,stimuli/Social3.png,stimuli/Social4.png,stimuli/Nonsocial3.png,stimuli/Nonsocial4.png,stimuli/Social1.png,stimuli/Social2.png,stimuli/Nonsocial1.png,stimuli/Nonsocial2.png,,,"(-0.7, -0.5)",cs_neg_ns,"(-0.7, 0.5)",cs_neg_s,"(0.7, -0.5)",cs_pos_s,"(0.7, 0.5)",cs_pos_ns_new,0,0,0,0,,,,,,,,,,,,,,,,,,,,,,,,,,,,,0,33,33,46,1,0,1,0,,,,,,,,,,,,,,,480,loss,,,,,,1542.3203831003048,1542.3203831003048,1542.3203831003048,1542.3203831003048,1,0.0649494999088347,0.06495370017364621,0,,,0,,,0,,,1542.3898336002603,1542.3898336002603,1542.3898336002603,1542.3898336002603,11,C,2024-04-19_11h15.57.675,attentional_competition_task,2022.2.4,143.99884794680085,
positions.xlsx,positions_test.xlsx,positions_test_new.xlsx,stimuli.xlsx,stimuli_new.xlsx,stimuli/Social3.png,stimuli/Social4.png,stimuli/Nonsocial3.png,stimuli/Nonsocial4.png,stimuli/Social1.png,stimuli/Social2.png,stimuli/Nonsocial1.png,stimuli/Nonsocial2.png,,,"(-0.7, -0.5)",cs_neg_ns,"(-0.7, 0.5)",cs_neg_s,"(0.7, -0.5)",cs_pos_s,"(0.7, 0.5)",cs_pos_ns_new,0,0,0,0,,,,,,,,,,,,,,,,,,,,,,,,,,,,,0,33,33,46,2,0,2,0,,,,,,,,,,,,,,,483,reward,,,,,,1542.924537499901,1542.924537499901,1542.924537499901,1542.924537499901,0,,,0,,,0,,,1,0.030746200121939182,0.030750799924135208,1542.924537499901,1542.924537499901,1542.924537499901,1542.924537499901,11,C,2024-04-19_11h15.57.675,attentional_competition_task,2022.2.4,143.99884794680085,
positions.xlsx,positions_test.xlsx,positions_test_new.xlsx,stimuli.xlsx,stimuli_new.xlsx,stimuli/Social3.png,stimuli/Social4.png,stimuli/Nonsocial3.png,stimuli/Nonsocial4.png,stimuli/Social1.png,stimuli/Social2.png,stimuli/Nonsocial1.png,stimuli/Nonsocial2.png,,,"(-0.7, -0.5)",cs_neg_ns,"(-0.7, 0.5)",cs_neg_s,"(0.7, -0.5)",cs_pos_s,"(0.7, 0.5)",cs_pos_ns_new,0,0,0,0,,,,,,,,,,,,,,,,,,,,,,,,,,,,,0,33,33,46,,,,,,,,,,,,,,,,,,,,,,,,,,,,,,,,,,,,,,,,,,,,,,11,C,2024-04-19_11h15.57.675,attentional_competition_task,2022.2.4,143.99884794680085,
positions.xlsx,positions_test.xlsx,positions_test_new.xlsx,stimuli.xlsx,stimuli_new.xlsx,stimuli/Social3.png,stimuli/Social4.png,stimuli/Nonsocial3.png,stimuli/Nonsocial4.png,stimuli/Social1.png,stimuli/Social2.png,stimuli/Nonsocial1.png,stimuli/Nonsocial2.png,,,"(-0.7, -0.5)",cs_pos_s,"(-0.7, 0.5)",cs_neg_s,"(0.7, -0.5)",cs_neg_ns_new,"(0.7, 0.5)",cs_pos_ns,0,0,0,0,,,,,,,,,,,,,,,,,,,,,,,,,,,,,0,34,34,18,0,0,0,0,,,,,,,,,,,,,,,486,reward,,,,,,1548.8340469999239,1548.8340469999239,1548.8340469999239,1548.8340469999239,1,0.6059501999989152,0.6059556999243796,0,,,0,,,0,,,1549.4451715000905,1549.4451715000905,1549.4451715000905,1549.4451715000905,11,C,2024-04-19_11h15.57.675,attentional_competition_task,2022.2.4,143.99884794680085,
positions.xlsx,positions_test.xlsx,positions_test_new.xlsx,stimuli.xlsx,stimuli_new.xlsx,stimuli/Social3.png,stimuli/Social4.png,stimuli/Nonsocial3.png,stimuli/Nonsocial4.png,stimuli/Social1.png,stimuli/Social2.png,stimuli/Nonsocial1.png,stimuli/Nonsocial2.png,,,"(-0.7, -0.5)",cs_pos_s,"(-0.7, 0.5)",cs_neg_s,"(0.7, -0.5)",cs_neg_ns_new,"(0.7, 0.5)",cs_pos_ns,0,0,0,0,,,,,,,,,,,,,,,,,,,,,,,,,,,,,0,34,34,18,1,0,1,0,,,,,,,,,,,,,,,489,reward,,,,,,1549.9520446001552,1549.9520446001552,1549.9520446001552,1549.9520446001552,0,,,0,,,0,,,1,0.0790192000567913,0.07902360009029508,1550.02842290001,1550.02842290001,1550.02842290001,1550.02842290001,11,C,2024-04-19_11h15.57.675,attentional_competition_task,2022.2.4,143.99884794680085,
positions.xlsx,positions_test.xlsx,positions_test_new.xlsx,stimuli.xlsx,stimuli_new.xlsx,stimuli/Social3.png,stimuli/Social4.png,stimuli/Nonsocial3.png,stimuli/Nonsocial4.png,stimuli/Social1.png,stimuli/Social2.png,stimuli/Nonsocial1.png,stimuli/Nonsocial2.png,,,"(-0.7, -0.5)",cs_pos_s,"(-0.7, 0.5)",cs_neg_s,"(0.7, -0.5)",cs_neg_ns_new,"(0.7, 0.5)",cs_pos_ns,0,0,0,0,,,,,,,,,,,,,,,,,,,,,,,,,,,,,0,34,34,18,2,0,2,0,,,,,,,,,,,,,,,492,reward,,,,,,1550.5284195002168,1550.5284195002168,1550.5284195002168,1550.5284195002168,0,,,0,,,0,,,1,0.024811699986457825,0.316499300301075,1551.3478341000155,1551.3478341000155,1551.3478341000155,1551.3478341000155,11,C,2024-04-19_11h15.57.675,attentional_competition_task,2022.2.4,143.99884794680085,
positions.xlsx,positions_test.xlsx,positions_test_new.xlsx,stimuli.xlsx,stimuli_new.xlsx,stimuli/Social3.png,stimuli/Social4.png,stimuli/Nonsocial3.png,stimuli/Nonsocial4.png,stimuli/Social1.png,stimuli/Social2.png,stimuli/Nonsocial1.png,stimuli/Nonsocial2.png,,,"(-0.7, -0.5)",cs_pos_s,"(-0.7, 0.5)",cs_neg_s,"(0.7, -0.5)",cs_neg_ns_new,"(0.7, 0.5)",cs_pos_ns,0,0,0,0,,,,,,,,,,,,,,,,,,,,,,,,,,,,,0,34,34,18,,,,,,,,,,,,,,,,,,,,,,,,,,,,,,,,,,,,,,,,,,,,,,11,C,2024-04-19_11h15.57.675,attentional_competition_task,2022.2.4,143.99884794680085,
positions.xlsx,positions_test.xlsx,positions_test_new.xlsx,stimuli.xlsx,stimuli_new.xlsx,stimuli/Social3.png,stimuli/Social4.png,stimuli/Nonsocial3.png,stimuli/Nonsocial4.png,stimuli/Social1.png,stimuli/Social2.png,stimuli/Nonsocial1.png,stimuli/Nonsocial2.png,,,"(-0.7, -0.5)",cs_pos_ns,"(-0.7, 0.5)",cs_pos_s,"(0.7, -0.5)",cs_neg_s,"(0.7, 0.5)",cs_neg_ns_new,0,0,0,0,,,,,,,,,,,,,,,,,,,,,,,,,,,,,0,35,35,26,0,0,0,0,,,,,,,,,,,,,,,495,reward,,,,,,1557.7850824999623,1557.7850824999623,1557.7850824999623,1557.7850824999623,1,0.5640208004042506,0.570628700312227,0,,,0,,,0,,,1558.3614968000911,1558.3614968000911,1558.3614968000911,1558.3614968000911,11,C,2024-04-19_11h15.57.675,attentional_competition_task,2022.2.4,143.99884794680085,
positions.xlsx,positions_test.xlsx,positions_test_new.xlsx,stimuli.xlsx,stimuli_new.xlsx,stimuli/Social3.png,stimuli/Social4.png,stimuli/Nonsocial3.png,stimuli/Nonsocial4.png,stimuli/Social1.png,stimuli/Social2.png,stimuli/Nonsocial1.png,stimuli/Nonsocial2.png,,,"(-0.7, -0.5)",cs_pos_ns,"(-0.7, 0.5)",cs_pos_s,"(0.7, -0.5)",cs_neg_s,"(0.7, 0.5)",cs_neg_ns_new,0,0,0,0,,,,,,,,,,,,,,,,,,,,,,,,,,,,,0,35,35,26,1,0,1,0,,,,,,,,,,,,,,,498,reward,,,,,,1558.896132499911,1558.896132499911,1558.896132499911,1558.896132499911,0,,,1,0.03175630001351237,0.03176160017028451,0,,,0,,,1558.896132499911,1558.896132499911,1558.896132499911,1558.896132499911,11,C,2024-04-19_11h15.57.675,attentional_competition_task,2022.2.4,143.99884794680085,
positions.xlsx,positions_test.xlsx,positions_test_new.xlsx,stimuli.xlsx,stimuli_new.xlsx,stimuli/Social3.png,stimuli/Social4.png,stimuli/Nonsocial3.png,stimuli/Nonsocial4.png,stimuli/Social1.png,stimuli/Social2.png,stimuli/Nonsocial1.png,stimuli/Nonsocial2.png,,,"(-0.7, -0.5)",cs_pos_ns,"(-0.7, 0.5)",cs_pos_s,"(0.7, -0.5)",cs_neg_s,"(0.7, 0.5)",cs_neg_ns_new,0,0,0,0,,,,,,,,,,,,,,,,,,,,,,,,,,,,,0,35,35,26,2,0,2,0,,,,,,,,,,,,,,,501,reward,,,,,,1559.4030345999636,1559.4030345999636,1559.4030345999636,1559.4030345999636,0,,,1,0.02855370007455349,0.3977355998940766,0,,,0,,,1560.298887600191,1560.298887600191,1560.298887600191,1560.298887600191,11,C,2024-04-19_11h15.57.675,attentional_competition_task,2022.2.4,143.99884794680085,
positions.xlsx,positions_test.xlsx,positions_test_new.xlsx,stimuli.xlsx,stimuli_new.xlsx,stimuli/Social3.png,stimuli/Social4.png,stimuli/Nonsocial3.png,stimuli/Nonsocial4.png,stimuli/Social1.png,stimuli/Social2.png,stimuli/Nonsocial1.png,stimuli/Nonsocial2.png,,,"(-0.7, -0.5)",cs_pos_ns,"(-0.7, 0.5)",cs_pos_s,"(0.7, -0.5)",cs_neg_s,"(0.7, 0.5)",cs_neg_ns_new,0,0,0,0,,,,,,,,,,,,,,,,,,,,,,,,,,,,,0,35,35,26,,,,,,,,,,,,,,,,,,,,,,,,,,,,,,,,,,,,,,,,,,,,,,11,C,2024-04-19_11h15.57.675,attentional_competition_task,2022.2.4,143.99884794680085,
positions.xlsx,positions_test.xlsx,positions_test_new.xlsx,stimuli.xlsx,stimuli_new.xlsx,stimuli/Social3.png,stimuli/Social4.png,stimuli/Nonsocial3.png,stimuli/Nonsocial4.png,stimuli/Social1.png,stimuli/Social2.png,stimuli/Nonsocial1.png,stimuli/Nonsocial2.png,,,"(-0.7, -0.5)",cs_neg_ns,"(-0.7, 0.5)",cs_pos_ns,"(0.7, -0.5)",cs_pos_s,"(0.7, 0.5)",cs_neg_s,0,0,0,0,,,,,,,,,,,,,,,,,,,,,,,,,,,,,0,36,36,0,0,0,0,0,,,,,,,,,,,,,,,504,reward,,,,,,1566.423618200235,1566.423618200235,1566.423618200235,1566.423618200235,0,,,0,,,1,0.5164609998464584,0.523310599848628,0,,,1566.951340300031,1566.951340300031,1566.951340300031,1566.951340300031,11,C,2024-04-19_11h15.57.675,attentional_competition_task,2022.2.4,143.99884794680085,
positions.xlsx,positions_test.xlsx,positions_test_new.xlsx,stimuli.xlsx,stimuli_new.xlsx,stimuli/Social3.png,stimuli/Social4.png,stimuli/Nonsocial3.png,stimuli/Nonsocial4.png,stimuli/Social1.png,stimuli/Social2.png,stimuli/Nonsocial1.png,stimuli/Nonsocial2.png,,,"(-0.7, -0.5)",cs_neg_ns,"(-0.7, 0.5)",cs_pos_ns,"(0.7, -0.5)",cs_pos_s,"(0.7, 0.5)",cs_neg_s,0,0,0,0,,,,,,,,,,,,,,,,,,,,,,,,,,,,,0,36,36,0,1,0,1,0,,,,,,,,,,,,,,,507,reward,,,,,,1567.4860673001967,1567.4860673001967,1567.4860673001967,1567.4860673001967,0,,,1,0.029950900003314018,0.02995540015399456,0,,,0,,,1567.4860673001967,1567.4860673001967,1567.4860673001967,1567.4860673001967,11,C,2024-04-19_11h15.57.675,attentional_competition_task,2022.2.4,143.99884794680085,
positions.xlsx,positions_test.xlsx,positions_test_new.xlsx,stimuli.xlsx,stimuli_new.xlsx,stimuli/Social3.png,stimuli/Social4.png,stimuli/Nonsocial3.png,stimuli/Nonsocial4.png,stimuli/Social1.png,stimuli/Social2.png,stimuli/Nonsocial1.png,stimuli/Nonsocial2.png,,,"(-0.7, -0.5)",cs_neg_ns,"(-0.7, 0.5)",cs_pos_ns,"(0.7, -0.5)",cs_pos_s,"(0.7, 0.5)",cs_neg_s,0,0,0,0,,,,,,,,,,,,,,,,,,,,,,,,,,,,,0,36,36,0,2,0,2,0,,,,,,,,,,,,,,,510,reward,,,,,,1567.9930130001158,1567.9930130001158,1567.9930130001158,1567.9930130001158,0,,,1,0.03021429991349578,0.4467559000477195,0,,,0,,,1568.9374497998506,1568.9374497998506,1568.9374497998506,1568.9374497998506,11,C,2024-04-19_11h15.57.675,attentional_competition_task,2022.2.4,143.99884794680085,
positions.xlsx,positions_test.xlsx,positions_test_new.xlsx,stimuli.xlsx,stimuli_new.xlsx,stimuli/Social3.png,stimuli/Social4.png,stimuli/Nonsocial3.png,stimuli/Nonsocial4.png,stimuli/Social1.png,stimuli/Social2.png,stimuli/Nonsocial1.png,stimuli/Nonsocial2.png,,,"(-0.7, -0.5)",cs_neg_ns,"(-0.7, 0.5)",cs_pos_ns,"(0.7, -0.5)",cs_pos_s,"(0.7, 0.5)",cs_neg_s,0,0,0,0,,,,,,,,,,,,,,,,,,,,,,,,,,,,,0,36,36,0,,,,,,,,,,,,,,,,,,,,,,,,,,,,,,,,,,,,,,,,,,,,,,11,C,2024-04-19_11h15.57.675,attentional_competition_task,2022.2.4,143.99884794680085,
positions.xlsx,positions_test.xlsx,positions_test_new.xlsx,stimuli.xlsx,stimuli_new.xlsx,stimuli/Social3.png,stimuli/Social4.png,stimuli/Nonsocial3.png,stimuli/Nonsocial4.png,stimuli/Social1.png,stimuli/Social2.png,stimuli/Nonsocial1.png,stimuli/Nonsocial2.png,,,"(-0.7, -0.5)",cs_neg_ns,"(-0.7, 0.5)",cs_neg_s,"(0.7, -0.5)",cs_pos_ns,"(0.7, 0.5)",cs_pos_s,0,0,0,0,,,,,,,,,,,,,,,,,,,,,,,,,,,,,0,37,37,5,0,0,0,0,,,,,,,,,,,,,,,513,reward,,,,,,1575.3468925002962,1575.3468925002962,1575.3468925002962,1575.3468925002962,0,,,0,,,0,,,1,0.6831401996314526,0.6900388998910785,1576.0412615998648,1576.0412615998648,1576.0412615998648,1576.0412615998648,11,C,2024-04-19_11h15.57.675,attentional_competition_task,2022.2.4,143.99884794680085,
positions.xlsx,positions_test.xlsx,positions_test_new.xlsx,stimuli.xlsx,stimuli_new.xlsx,stimuli/Social3.png,stimuli/Social4.png,stimuli/Nonsocial3.png,stimuli/Nonsocial4.png,stimuli/Social1.png,stimuli/Social2.png,stimuli/Nonsocial1.png,stimuli/Nonsocial2.png,,,"(-0.7, -0.5)",cs_neg_ns,"(-0.7, 0.5)",cs_neg_s,"(0.7, -0.5)",cs_pos_ns,"(0.7, 0.5)",cs_pos_s,0,0,0,0,,,,,,,,,,,,,,,,,,,,,,,,,,,,,0,37,37,5,1,0,1,0,,,,,,,,,,,,,,,510,loss,,,,,,1576.5690415999852,1576.5690415999852,1576.5690415999852,1576.5690415999852,1,0.028311700094491243,0.02831629989668727,0,,,0,,,0,,,1576.5690415999852,1576.5690415999852,1576.5690415999852,1576.5690415999852,11,C,2024-04-19_11h15.57.675,attentional_competition_task,2022.2.4,143.99884794680085,
positions.xlsx,positions_test.xlsx,positions_test_new.xlsx,stimuli.xlsx,stimuli_new.xlsx,stimuli/Social3.png,stimuli/Social4.png,stimuli/Nonsocial3.png,stimuli/Nonsocial4.png,stimuli/Social1.png,stimuli/Social2.png,stimuli/Nonsocial1.png,stimuli/Nonsocial2.png,,,"(-0.7, -0.5)",cs_neg_ns,"(-0.7, 0.5)",cs_neg_s,"(0.7, -0.5)",cs_pos_ns,"(0.7, 0.5)",cs_pos_s,0,0,0,0,,,,,,,,,,,,,,,,,,,,,,,,,,,,,0,37,37,5,2,0,2,0,,,,,,,,,,,,,,,513,reward,,,,,,1577.1037352001294,1577.1037352001294,1577.1037352001294,1577.1037352001294,0,,,0,,,1,0.025818999856710434,0.025823399890214205,0,,,1577.1037352001294,1577.1037352001294,1577.1037352001294,1577.1037352001294,11,C,2024-04-19_11h15.57.675,attentional_competition_task,2022.2.4,143.99884794680085,
positions.xlsx,positions_test.xlsx,positions_test_new.xlsx,stimuli.xlsx,stimuli_new.xlsx,stimuli/Social3.png,stimuli/Social4.png,stimuli/Nonsocial3.png,stimuli/Nonsocial4.png,stimuli/Social1.png,stimuli/Social2.png,stimuli/Nonsocial1.png,stimuli/Nonsocial2.png,,,"(-0.7, -0.5)",cs_neg_ns,"(-0.7, 0.5)",cs_neg_s,"(0.7, -0.5)",cs_pos_ns,"(0.7, 0.5)",cs_pos_s,0,0,0,0,,,,,,,,,,,,,,,,,,,,,,,,,,,,,0,37,37,5,,,,,,,,,,,,,,,,,,,,,,,,,,,,,,,,,,,,,,,,,,,,,,11,C,2024-04-19_11h15.57.675,attentional_competition_task,2022.2.4,143.99884794680085,
positions.xlsx,positions_test.xlsx,positions_test_new.xlsx,stimuli.xlsx,stimuli_new.xlsx,stimuli/Social3.png,stimuli/Social4.png,stimuli/Nonsocial3.png,stimuli/Nonsocial4.png,stimuli/Social1.png,stimuli/Social2.png,stimuli/Nonsocial1.png,stimuli/Nonsocial2.png,,,"(-0.7, -0.5)",cs_pos_ns_new,"(-0.7, 0.5)",cs_neg_s,"(0.7, -0.5)",cs_pos_s,"(0.7, 0.5)",cs_neg_ns,0,0,0,0,,,,,,,,,,,,,,,,,,,,,,,,,,,,,0,38,38,39,0,0,0,0,,,,,,,,,,,,,,,510,loss,,,,,,1584.3535068999045,1584.3535068999045,1584.3535068999045,1584.3535068999045,0,,,0,,,0,,,1,0.4882951001636684,0.49527789978310466,1584.846482399851,1584.846482399851,1584.846482399851,1584.846482399851,11,C,2024-04-19_11h15.57.675,attentional_competition_task,2022.2.4,143.99884794680085,
positions.xlsx,positions_test.xlsx,positions_test_new.xlsx,stimuli.xlsx,stimuli_new.xlsx,stimuli/Social3.png,stimuli/Social4.png,stimuli/Nonsocial3.png,stimuli/Nonsocial4.png,stimuli/Social1.png,stimuli/Social2.png,stimuli/Nonsocial1.png,stimuli/Nonsocial2.png,,,"(-0.7, -0.5)",cs_pos_ns_new,"(-0.7, 0.5)",cs_neg_s,"(0.7, -0.5)",cs_pos_s,"(0.7, 0.5)",cs_neg_ns,0,0,0,0,,,,,,,,,,,,,,,,,,,,,,,,,,,,,0,38,38,39,1,0,1,0,,,,,,,,,,,,,,,513,reward,,,,,,1585.3812421001494,1585.3812421001494,1585.3812421001494,1585.3812421001494,0,,,0,,,1,0.03206210024654865,0.03206659993156791,0,,,1585.3812421001494,1585.3812421001494,1585.3812421001494,1585.3812421001494,11,C,2024-04-19_11h15.57.675,attentional_competition_task,2022.2.4,143.99884794680085,
positions.xlsx,positions_test.xlsx,positions_test_new.xlsx,stimuli.xlsx,stimuli_new.xlsx,stimuli/Social3.png,stimuli/Social4.png,stimuli/Nonsocial3.png,stimuli/Nonsocial4.png,stimuli/Social1.png,stimuli/Social2.png,stimuli/Nonsocial1.png,stimuli/Nonsocial2.png,,,"(-0.7, -0.5)",cs_pos_ns_new,"(-0.7, 0.5)",cs_neg_s,"(0.7, -0.5)",cs_pos_s,"(0.7, 0.5)",cs_neg_ns,0,0,0,0,,,,,,,,,,,,,,,,,,,,,,,,,,,,,0,38,38,39,2,0,2,0,,,,,,,,,,,,,,,516,reward,,,,,,1585.9228436001576,1585.9228436001576,1585.9228436001576,1585.9228436001576,1,0.02874640002846718,0.028765200171619654,0,,,0,,,0,,,1585.9228436001576,1585.9228436001576,1585.9228436001576,1585.9228436001576,11,C,2024-04-19_11h15.57.675,attentional_competition_task,2022.2.4,143.99884794680085,
positions.xlsx,positions_test.xlsx,positions_test_new.xlsx,stimuli.xlsx,stimuli_new.xlsx,stimuli/Social3.png,stimuli/Social4.png,stimuli/Nonsocial3.png,stimuli/Nonsocial4.png,stimuli/Social1.png,stimuli/Social2.png,stimuli/Nonsocial1.png,stimuli/Nonsocial2.png,,,"(-0.7, -0.5)",cs_pos_ns_new,"(-0.7, 0.5)",cs_neg_s,"(0.7, -0.5)",cs_pos_s,"(0.7, 0.5)",cs_neg_ns,0,0,0,0,,,,,,,,,,,,,,,,,,,,,,,,,,,,,0,38,38,39,,,,,,,,,,,,,,,,,,,,,,,,,,,,,,,,,,,,,,,,,,,,,,11,C,2024-04-19_11h15.57.675,attentional_competition_task,2022.2.4,143.99884794680085,
positions.xlsx,positions_test.xlsx,positions_test_new.xlsx,stimuli.xlsx,stimuli_new.xlsx,stimuli/Social3.png,stimuli/Social4.png,stimuli/Nonsocial3.png,stimuli/Nonsocial4.png,stimuli/Social1.png,stimuli/Social2.png,stimuli/Nonsocial1.png,stimuli/Nonsocial2.png,,,"(-0.7, -0.5)",cs_pos_ns,"(-0.7, 0.5)",cs_neg_ns_new,"(0.7, -0.5)",cs_neg_s,"(0.7, 0.5)",cs_pos_s,0,0,0,0,,,,,,,,,,,,,,,,,,,,,,,,,,,,,0,39,39,23,0,0,0,0,,,,,,,,,,,,,,,519,reward,,,,,,1593.5266670002602,1593.5266670002602,1593.5266670002602,1593.5266670002602,0,,,0,,,0,,,1,0.5031932997517288,0.5031978995539248,1594.033623999916,1594.033623999916,1594.033623999916,1594.033623999916,11,C,2024-04-19_11h15.57.675,attentional_competition_task,2022.2.4,143.99884794680085,
positions.xlsx,positions_test.xlsx,positions_test_new.xlsx,stimuli.xlsx,stimuli_new.xlsx,stimuli/Social3.png,stimuli/Social4.png,stimuli/Nonsocial3.png,stimuli/Nonsocial4.png,stimuli/Social1.png,stimuli/Social2.png,stimuli/Nonsocial1.png,stimuli/Nonsocial2.png,,,"(-0.7, -0.5)",cs_pos_ns,"(-0.7, 0.5)",cs_neg_ns_new,"(0.7, -0.5)",cs_neg_s,"(0.7, 0.5)",cs_pos_s,0,0,0,0,,,,,,,,,,,,,,,,,,,,,,,,,,,,,0,39,39,23,1,0,1,0,,,,,,,,,,,,,,,522,reward,,,,,,1594.568313300144,1594.568313300144,1594.568313300144,1594.568313300144,1,0.031211699824780226,0.031216599978506565,0,,,0,,,0,,,1594.568313300144,1594.568313300144,1594.568313300144,1594.568313300144,11,C,2024-04-19_11h15.57.675,attentional_competition_task,2022.2.4,143.99884794680085,
positions.xlsx,positions_test.xlsx,positions_test_new.xlsx,stimuli.xlsx,stimuli_new.xlsx,stimuli/Social3.png,stimuli/Social4.png,stimuli/Nonsocial3.png,stimuli/Nonsocial4.png,stimuli/Social1.png,stimuli/Social2.png,stimuli/Nonsocial1.png,stimuli/Nonsocial2.png,,,"(-0.7, -0.5)",cs_pos_ns,"(-0.7, 0.5)",cs_neg_ns_new,"(0.7, -0.5)",cs_neg_s,"(0.7, 0.5)",cs_pos_s,0,0,0,0,,,,,,,,,,,,,,,,,,,,,,,,,,,,,0,39,39,23,2,0,2,0,,,,,,,,,,,,,,,525,reward,,,,,,1595.0752258002758,1595.0752258002758,1595.0752258002758,1595.0752258002758,1,0.029115600045770407,0.47383899986743927,0,,,0,,,0,,,1596.0405150000006,1596.0405150000006,1596.0405150000006,1596.0405150000006,11,C,2024-04-19_11h15.57.675,attentional_competition_task,2022.2.4,143.99884794680085,
positions.xlsx,positions_test.xlsx,positions_test_new.xlsx,stimuli.xlsx,stimuli_new.xlsx,stimuli/Social3.png,stimuli/Social4.png,stimuli/Nonsocial3.png,stimuli/Nonsocial4.png,stimuli/Social1.png,stimuli/Social2.png,stimuli/Nonsocial1.png,stimuli/Nonsocial2.png,,,"(-0.7, -0.5)",cs_pos_ns,"(-0.7, 0.5)",cs_neg_ns_new,"(0.7, -0.5)",cs_neg_s,"(0.7, 0.5)",cs_pos_s,0,0,0,0,,,,,,,,,,,,,,,,,,,,,,,,,,,,,0,39,39,23,,,,,,,,,,,,,,,,,,,,,,,,,,,,,,,,,,,,,,,,,,,,,,11,C,2024-04-19_11h15.57.675,attentional_competition_task,2022.2.4,143.99884794680085,
positions.xlsx,positions_test.xlsx,positions_test_new.xlsx,stimuli.xlsx,stimuli_new.xlsx,stimuli/Social3.png,stimuli/Social4.png,stimuli/Nonsocial3.png,stimuli/Nonsocial4.png,stimuli/Social1.png,stimuli/Social2.png,stimuli/Nonsocial1.png,stimuli/Nonsocial2.png,,,"(-0.7, -0.5)",cs_pos_ns,"(-0.7, 0.5)",cs_neg_s,"(0.7, -0.5)",cs_neg_ns_new,"(0.7, 0.5)",cs_pos_s,0,0,0,0,,,,,,,,,,,,,,,,,,,,,,,,,,,,,0,40,40,22,0,0,0,0,,,,,,,,,,,,,,,528,reward,,,,,,1601.7832761001773,1601.7832761001773,1601.7832761001773,1601.7832761001773,0,,,0,,,0,,,1,0.30802359990775585,0.3080280995927751,1602.095841600094,1602.095841600094,1602.095841600094,1602.095841600094,11,C,2024-04-19_11h15.57.675,attentional_competition_task,2022.2.4,143.99884794680085,
positions.xlsx,positions_test.xlsx,positions_test_new.xlsx,stimuli.xlsx,stimuli_new.xlsx,stimuli/Social3.png,stimuli/Social4.png,stimuli/Nonsocial3.png,stimuli/Nonsocial4.png,stimuli/Social1.png,stimuli/Social2.png,stimuli/Nonsocial1.png,stimuli/Nonsocial2.png,,,"(-0.7, -0.5)",cs_pos_ns,"(-0.7, 0.5)",cs_neg_s,"(0.7, -0.5)",cs_neg_ns_new,"(0.7, 0.5)",cs_pos_s,0,0,0,0,,,,,,,,,,,,,,,,,,,,,,,,,,,,,0,40,40,22,1,0,1,0,,,,,,,,,,,,,,,531,reward,,,,,,1602.630467900075,1602.630467900075,1602.630467900075,1602.630467900075,1,0.02923079999163747,0.02923520002514124,0,,,0,,,0,,,1602.630467900075,1602.630467900075,1602.630467900075,1602.630467900075,11,C,2024-04-19_11h15.57.675,attentional_competition_task,2022.2.4,143.99884794680085,
positions.xlsx,positions_test.xlsx,positions_test_new.xlsx,stimuli.xlsx,stimuli_new.xlsx,stimuli/Social3.png,stimuli/Social4.png,stimuli/Nonsocial3.png,stimuli/Nonsocial4.png,stimuli/Social1.png,stimuli/Social2.png,stimuli/Nonsocial1.png,stimuli/Nonsocial2.png,,,"(-0.7, -0.5)",cs_pos_ns,"(-0.7, 0.5)",cs_neg_s,"(0.7, -0.5)",cs_neg_ns_new,"(0.7, 0.5)",cs_pos_s,0,0,0,0,,,,,,,,,,,,,,,,,,,,,,,,,,,,,0,40,40,22,2,0,2,0,,,,,,,,,,,,,,,534,reward,,,,,,1603.1304814000614,1603.1304814000614,1603.1304814000614,1603.1304814000614,1,0.025536300148814917,0.4199090003967285,0,,,0,,,0,,,1604.2971395002678,1604.2971395002678,1604.2971395002678,1604.2971395002678,11,C,2024-04-19_11h15.57.675,attentional_competition_task,2022.2.4,143.99884794680085,
positions.xlsx,positions_test.xlsx,positions_test_new.xlsx,stimuli.xlsx,stimuli_new.xlsx,stimuli/Social3.png,stimuli/Social4.png,stimuli/Nonsocial3.png,stimuli/Nonsocial4.png,stimuli/Social1.png,stimuli/Social2.png,stimuli/Nonsocial1.png,stimuli/Nonsocial2.png,,,"(-0.7, -0.5)",cs_pos_ns,"(-0.7, 0.5)",cs_neg_s,"(0.7, -0.5)",cs_neg_ns_new,"(0.7, 0.5)",cs_pos_s,0,0,0,0,,,,,,,,,,,,,,,,,,,,,,,,,,,,,0,40,40,22,,,,,,,,,,,,,,,,,,,,,,,,,,,,,,,,,,,,,,,,,,,,,,11,C,2024-04-19_11h15.57.675,attentional_competition_task,2022.2.4,143.99884794680085,
positions.xlsx,positions_test.xlsx,positions_test_new.xlsx,stimuli.xlsx,stimuli_new.xlsx,stimuli/Social3.png,stimuli/Social4.png,stimuli/Nonsocial3.png,stimuli/Nonsocial4.png,stimuli/Social1.png,stimuli/Social2.png,stimuli/Nonsocial1.png,stimuli/Nonsocial2.png,,,"(-0.7, -0.5)",cs_pos_ns,"(-0.7, 0.5)",cs_pos_s_new,"(0.7, -0.5)",cs_neg_s,"(0.7, 0.5)",cs_neg_ns,0,0,0,0,,,,,,,,,,,,,,,,,,,,,,,,,,,,,0,41,41,35,0,0,0,0,,,,,,,,,,,,,,,531,loss,,,,,,1610.7273764000274,1610.7273764000274,1610.7273764000274,1610.7273764000274,0,,,0,,,1,0.6688796998932958,0.6688846000470221,0,,,1611.4009893001057,1611.4009893001057,1611.4009893001057,1611.4009893001057,11,C,2024-04-19_11h15.57.675,attentional_competition_task,2022.2.4,143.99884794680085,
positions.xlsx,positions_test.xlsx,positions_test_new.xlsx,stimuli.xlsx,stimuli_new.xlsx,stimuli/Social3.png,stimuli/Social4.png,stimuli/Nonsocial3.png,stimuli/Nonsocial4.png,stimuli/Social1.png,stimuli/Social2.png,stimuli/Nonsocial1.png,stimuli/Nonsocial2.png,,,"(-0.7, -0.5)",cs_pos_ns,"(-0.7, 0.5)",cs_pos_s_new,"(0.7, -0.5)",cs_neg_s,"(0.7, 0.5)",cs_neg_ns,0,0,0,0,,,,,,,,,,,,,,,,,,,,,,,,,,,,,0,41,41,35,1,0,1,0,,,,,,,,,,,,,,,528,loss,,,,,,1611.9287419999018,1611.9287419999018,1611.9287419999018,1611.9287419999018,0,,,0,,,0,,,1,0.03005810035392642,0.03006240027025342,1611.9287419999018,1611.9287419999018,1611.9287419999018,1611.9287419999018,11,C,2024-04-19_11h15.57.675,attentional_competition_task,2022.2.4,143.99884794680085,
positions.xlsx,positions_test.xlsx,positions_test_new.xlsx,stimuli.xlsx,stimuli_new.xlsx,stimuli/Social3.png,stimuli/Social4.png,stimuli/Nonsocial3.png,stimuli/Nonsocial4.png,stimuli/Social1.png,stimuli/Social2.png,stimuli/Nonsocial1.png,stimuli/Nonsocial2.png,,,"(-0.7, -0.5)",cs_pos_ns,"(-0.7, 0.5)",cs_pos_s_new,"(0.7, -0.5)",cs_neg_s,"(0.7, 0.5)",cs_neg_ns,0,0,0,0,,,,,,,,,,,,,,,,,,,,,,,,,,,,,0,41,41,35,2,0,2,0,,,,,,,,,,,,,,,531,reward,,,,,,1612.4564868998714,1612.4564868998714,1612.4564868998714,1612.4564868998714,1,0.021763599943369627,0.021768299862742424,0,,,0,,,0,,,1612.4564868998714,1612.4564868998714,1612.4564868998714,1612.4564868998714,11,C,2024-04-19_11h15.57.675,attentional_competition_task,2022.2.4,143.99884794680085,
positions.xlsx,positions_test.xlsx,positions_test_new.xlsx,stimuli.xlsx,stimuli_new.xlsx,stimuli/Social3.png,stimuli/Social4.png,stimuli/Nonsocial3.png,stimuli/Nonsocial4.png,stimuli/Social1.png,stimuli/Social2.png,stimuli/Nonsocial1.png,stimuli/Nonsocial2.png,,,"(-0.7, -0.5)",cs_pos_ns,"(-0.7, 0.5)",cs_pos_s_new,"(0.7, -0.5)",cs_neg_s,"(0.7, 0.5)",cs_neg_ns,0,0,0,0,,,,,,,,,,,,,,,,,,,,,,,,,,,,,0,41,41,35,,,,,,,,,,,,,,,,,,,,,,,,,,,,,,,,,,,,,,,,,,,,,,11,C,2024-04-19_11h15.57.675,attentional_competition_task,2022.2.4,143.99884794680085,
positions.xlsx,positions_test.xlsx,positions_test_new.xlsx,stimuli.xlsx,stimuli_new.xlsx,stimuli/Social3.png,stimuli/Social4.png,stimuli/Nonsocial3.png,stimuli/Nonsocial4.png,stimuli/Social1.png,stimuli/Social2.png,stimuli/Nonsocial1.png,stimuli/Nonsocial2.png,,,"(-0.7, -0.5)",cs_pos_ns,"(-0.7, 0.5)",cs_neg_ns,"(0.7, -0.5)",cs_pos_s_new,"(0.7, 0.5)",cs_neg_s,0,0,0,0,,,,,,,,,,,,,,,,,,,,,,,,,,,,,0,42,42,28,0,0,0,0,,,,,,,,,,,,,,,534,reward,,,,,,1619.1159129999578,1619.1159129999578,1619.1159129999578,1619.1159129999578,1,0.5366670996882021,0.5366844995878637,0,,,0,,,0,,,1619.657569500152,1619.657569500152,1619.657569500152,1619.657569500152,11,C,2024-04-19_11h15.57.675,attentional_competition_task,2022.2.4,143.99884794680085,
positions.xlsx,positions_test.xlsx,positions_test_new.xlsx,stimuli.xlsx,stimuli_new.xlsx,stimuli/Social3.png,stimuli/Social4.png,stimuli/Nonsocial3.png,stimuli/Nonsocial4.png,stimuli/Social1.png,stimuli/Social2.png,stimuli/Nonsocial1.png,stimuli/Nonsocial2.png,,,"(-0.7, -0.5)",cs_pos_ns,"(-0.7, 0.5)",cs_neg_ns,"(0.7, -0.5)",cs_pos_s_new,"(0.7, 0.5)",cs_neg_s,0,0,0,0,,,,,,,,,,,,,,,,,,,,,,,,,,,,,0,42,42,28,1,0,1,0,,,,,,,,,,,,,,,537,reward,,,,,,1620.1715222001076,1620.1715222001076,1620.1715222001076,1620.1715222001076,1,0.039077899884432554,0.6688255998305976,0,,,1,0.8288159999065101,0.8288333001546562,0,,,1620.9908437998965,1620.9908437998965,1620.9908437998965,1620.9908437998965,11,C,2024-04-19_11h15.57.675,attentional_competition_task,2022.2.4,143.99884794680085,
positions.xlsx,positions_test.xlsx,positions_test_new.xlsx,stimuli.xlsx,stimuli_new.xlsx,stimuli/Social3.png,stimuli/Social4.png,stimuli/Nonsocial3.png,stimuli/Nonsocial4.png,stimuli/Social1.png,stimuli/Social2.png,stimuli/Nonsocial1.png,stimuli/Nonsocial2.png,,,"(-0.7, -0.5)",cs_pos_ns,"(-0.7, 0.5)",cs_neg_ns,"(0.7, -0.5)",cs_pos_s_new,"(0.7, 0.5)",cs_neg_s,0,0,0,0,,,,,,,,,,,,,,,,,,,,,,,,,,,,,0,42,42,28,,,,,,,,,,,,,,,,,,,,,,,,,,,,,,,,,,,,,,,,,,,,,,11,C,2024-04-19_11h15.57.675,attentional_competition_task,2022.2.4,143.99884794680085,
positions.xlsx,positions_test.xlsx,positions_test_new.xlsx,stimuli.xlsx,stimuli_new.xlsx,stimuli/Social3.png,stimuli/Social4.png,stimuli/Nonsocial3.png,stimuli/Nonsocial4.png,stimuli/Social1.png,stimuli/Social2.png,stimuli/Nonsocial1.png,stimuli/Nonsocial2.png,,,"(-0.7, -0.5)",cs_pos_s_new,"(-0.7, 0.5)",cs_neg_s,"(0.7, -0.5)",cs_pos_ns,"(0.7, 0.5)",cs_neg_ns,0,0,0,0,,,,,,,,,,,,,,,,,,,,,,,,,,,,,0,43,43,34,0,0,0,0,,,,,,,,,,,,,,,540,reward,,,,,,1627.7822463000193,1627.7822463000193,1627.7822463000193,1627.7822463000193,0,,,0,,,1,0.4886292996816337,0.49528619972988963,0,,,1628.282316800207,1628.282316800207,1628.282316800207,1628.282316800207,11,C,2024-04-19_11h15.57.675,attentional_competition_task,2022.2.4,143.99884794680085,
positions.xlsx,positions_test.xlsx,positions_test_new.xlsx,stimuli.xlsx,stimuli_new.xlsx,stimuli/Social3.png,stimuli/Social4.png,stimuli/Nonsocial3.png,stimuli/Nonsocial4.png,stimuli/Social1.png,stimuli/Social2.png,stimuli/Nonsocial1.png,stimuli/Nonsocial2.png,,,"(-0.7, -0.5)",cs_pos_s_new,"(-0.7, 0.5)",cs_neg_s,"(0.7, -0.5)",cs_pos_ns,"(0.7, 0.5)",cs_neg_ns,0,0,0,0,,,,,,,,,,,,,,,,,,,,,,,,,,,,,0,43,43,34,1,0,1,0,,,,,,,,,,,,,,,537,loss,,,,,,1628.8099950999022,1628.8099950999022,1628.8099950999022,1628.8099950999022,0,,,0,,,0,,,1,0.029576499946415424,0.029580799862742424,1628.8099950999022,1628.8099950999022,1628.8099950999022,1628.8099950999022,11,C,2024-04-19_11h15.57.675,attentional_competition_task,2022.2.4,143.99884794680085,
positions.xlsx,positions_test.xlsx,positions_test_new.xlsx,stimuli.xlsx,stimuli_new.xlsx,stimuli/Social3.png,stimuli/Social4.png,stimuli/Nonsocial3.png,stimuli/Nonsocial4.png,stimuli/Social1.png,stimuli/Social2.png,stimuli/Nonsocial1.png,stimuli/Nonsocial2.png,,,"(-0.7, -0.5)",cs_pos_s_new,"(-0.7, 0.5)",cs_neg_s,"(0.7, -0.5)",cs_pos_ns,"(0.7, 0.5)",cs_neg_ns,0,0,0,0,,,,,,,,,,,,,,,,,,,,,,,,,,,,,0,43,43,34,2,0,2,0,,,,,,,,,,,,,,,540,reward,,,,,,1629.3447026000358,1629.3447026000358,1629.3447026000358,1629.3447026000358,1,0.024814999662339687,0.02481970004737377,0,,,0,,,0,,,1629.3447026000358,1629.3447026000358,1629.3447026000358,1629.3447026000358,11,C,2024-04-19_11h15.57.675,attentional_competition_task,2022.2.4,143.99884794680085,
positions.xlsx,positions_test.xlsx,positions_test_new.xlsx,stimuli.xlsx,stimuli_new.xlsx,stimuli/Social3.png,stimuli/Social4.png,stimuli/Nonsocial3.png,stimuli/Nonsocial4.png,stimuli/Social1.png,stimuli/Social2.png,stimuli/Nonsocial1.png,stimuli/Nonsocial2.png,,,"(-0.7, -0.5)",cs_pos_s_new,"(-0.7, 0.5)",cs_neg_s,"(0.7, -0.5)",cs_pos_ns,"(0.7, 0.5)",cs_neg_ns,0,0,0,0,,,,,,,,,,,,,,,,,,,,,,,,,,,,,0,43,43,34,,,,,,,,,,,,,,,,,,,,,,,,,,,,,,,,,,,,,,,,,,,,,,11,C,2024-04-19_11h15.57.675,attentional_competition_task,2022.2.4,143.99884794680085,
positions.xlsx,positions_test.xlsx,positions_test_new.xlsx,stimuli.xlsx,stimuli_new.xlsx,stimuli/Social3.png,stimuli/Social4.png,stimuli/Nonsocial3.png,stimuli/Nonsocial4.png,stimuli/Social1.png,stimuli/Social2.png,stimuli/Nonsocial1.png,stimuli/Nonsocial2.png,,,"(-0.7, -0.5)",cs_neg_s,"(-0.7, 0.5)",cs_neg_ns,"(0.7, -0.5)",cs_pos_s_new,"(0.7, 0.5)",cs_pos_ns,0,0,0,0,,,,,,,,,,,,,,,,,,,,,,,,,,,,,0,44,44,36,0,0,0,0,,,,,,,,,,,,,,,537,loss,,,,,,1636.3930287002586,1636.3930287002586,1636.3930287002586,1636.3930287002586,0,,,1,0.7108379998244345,0.7175965998321772,0,,,0,,,1637.1153142000549,1637.1153142000549,1637.1153142000549,1637.1153142000549,11,C,2024-04-19_11h15.57.675,attentional_competition_task,2022.2.4,143.99884794680085,
positions.xlsx,positions_test.xlsx,positions_test_new.xlsx,stimuli.xlsx,stimuli_new.xlsx,stimuli/Social3.png,stimuli/Social4.png,stimuli/Nonsocial3.png,stimuli/Nonsocial4.png,stimuli/Social1.png,stimuli/Social2.png,stimuli/Nonsocial1.png,stimuli/Nonsocial2.png,,,"(-0.7, -0.5)",cs_neg_s,"(-0.7, 0.5)",cs_neg_ns,"(0.7, -0.5)",cs_pos_s_new,"(0.7, 0.5)",cs_pos_ns,0,0,0,0,,,,,,,,,,,,,,,,,,,,,,,,,,,,,0,44,44,36,1,0,1,0,,,,,,,,,,,,,,,540,reward,,,,,,1637.642957500182,1637.642957500182,1637.642957500182,1637.642957500182,0,,,0,,,0,,,1,0.028996899724006653,0.029001600109040737,1637.642957500182,1637.642957500182,1637.642957500182,1637.642957500182,11,C,2024-04-19_11h15.57.675,attentional_competition_task,2022.2.4,143.99884794680085,
positions.xlsx,positions_test.xlsx,positions_test_new.xlsx,stimuli.xlsx,stimuli_new.xlsx,stimuli/Social3.png,stimuli/Social4.png,stimuli/Nonsocial3.png,stimuli/Nonsocial4.png,stimuli/Social1.png,stimuli/Social2.png,stimuli/Nonsocial1.png,stimuli/Nonsocial2.png,,,"(-0.7, -0.5)",cs_neg_s,"(-0.7, 0.5)",cs_neg_ns,"(0.7, -0.5)",cs_pos_s_new,"(0.7, 0.5)",cs_pos_ns,0,0,0,0,,,,,,,,,,,,,,,,,,,,,,,,,,,,,0,44,44,36,2,0,2,0,,,,,,,,,,,,,,,543,reward,,,,,,1638.1776637001894,1638.1776637001894,1638.1776637001894,1638.1776637001894,0,,,0,,,1,0.02468710020184517,0.02469199988991022,0,,,1638.1776637001894,1638.1776637001894,1638.1776637001894,1638.1776637001894,11,C,2024-04-19_11h15.57.675,attentional_competition_task,2022.2.4,143.99884794680085,
positions.xlsx,positions_test.xlsx,positions_test_new.xlsx,stimuli.xlsx,stimuli_new.xlsx,stimuli/Social3.png,stimuli/Social4.png,stimuli/Nonsocial3.png,stimuli/Nonsocial4.png,stimuli/Social1.png,stimuli/Social2.png,stimuli/Nonsocial1.png,stimuli/Nonsocial2.png,,,"(-0.7, -0.5)",cs_neg_s,"(-0.7, 0.5)",cs_neg_ns,"(0.7, -0.5)",cs_pos_s_new,"(0.7, 0.5)",cs_pos_ns,0,0,0,0,,,,,,,,,,,,,,,,,,,,,,,,,,,,,0,44,44,36,,,,,,,,,,,,,,,,,,,,,,,,,,,,,,,,,,,,,,,,,,,,,,11,C,2024-04-19_11h15.57.675,attentional_competition_task,2022.2.4,143.99884794680085,
positions.xlsx,positions_test.xlsx,positions_test_new.xlsx,stimuli.xlsx,stimuli_new.xlsx,stimuli/Social3.png,stimuli/Social4.png,stimuli/Nonsocial3.png,stimuli/Nonsocial4.png,stimuli/Social1.png,stimuli/Social2.png,stimuli/Nonsocial1.png,stimuli/Nonsocial2.png,,,"(-0.7, -0.5)",cs_pos_ns,"(-0.7, 0.5)",cs_neg_ns,"(0.7, -0.5)",cs_neg_s_new,"(0.7, 0.5)",cs_pos_s,0,0,0,0,,,,,,,,,,,,,,,,,,,,,,,,,,,,,0,45,45,16,0,0,0,0,,,,,,,,,,,,,,,546,reward,,,,,,1644.4760302002542,1644.4760302002542,1644.4760302002542,1644.4760302002542,1,0.6275321999564767,0.6275363001041114,0,,,0,,,0,,,1645.107938000001,1645.107938000001,1645.107938000001,1645.107938000001,11,C,2024-04-19_11h15.57.675,attentional_competition_task,2022.2.4,143.99884794680085,
positions.xlsx,positions_test.xlsx,positions_test_new.xlsx,stimuli.xlsx,stimuli_new.xlsx,stimuli/Social3.png,stimuli/Social4.png,stimuli/Nonsocial3.png,stimuli/Nonsocial4.png,stimuli/Social1.png,stimuli/Social2.png,stimuli/Nonsocial1.png,stimuli/Nonsocial2.png,,,"(-0.7, -0.5)",cs_pos_ns,"(-0.7, 0.5)",cs_neg_ns,"(0.7, -0.5)",cs_neg_s_new,"(0.7, 0.5)",cs_pos_s,0,0,0,0,,,,,,,,,,,,,,,,,,,,,,,,,,,,,0,45,45,16,1,0,1,0,,,,,,,,,,,,,,,549,reward,,,,,,1645.6148423003033,1645.6148423003033,1645.6148423003033,1645.6148423003033,1,0.030239599756896496,0.05722020007669926,0,,,0,,,1,0.12056459998711944,0.12056959979236126,1645.7329780003056,1645.7329780003056,1645.7329780003056,1645.7329780003056,11,C,2024-04-19_11h15.57.675,attentional_competition_task,2022.2.4,143.99884794680085,
positions.xlsx,positions_test.xlsx,positions_test_new.xlsx,stimuli.xlsx,stimuli_new.xlsx,stimuli/Social3.png,stimuli/Social4.png,stimuli/Nonsocial3.png,stimuli/Nonsocial4.png,stimuli/Social1.png,stimuli/Social2.png,stimuli/Nonsocial1.png,stimuli/Nonsocial2.png,,,"(-0.7, -0.5)",cs_pos_ns,"(-0.7, 0.5)",cs_neg_ns,"(0.7, -0.5)",cs_neg_s_new,"(0.7, 0.5)",cs_pos_s,0,0,0,0,,,,,,,,,,,,,,,,,,,,,,,,,,,,,0,45,45,16,2,0,2,0,,,,,,,,,,,,,,,552,reward,,,,,,1646.232983900234,1646.232983900234,1646.232983900234,1646.232983900234,0,,,0,,,0,,,1,0.023723699618130922,0.11013789987191558,1646.9898588000797,1646.9898588000797,1646.9898588000797,1646.9898588000797,11,C,2024-04-19_11h15.57.675,attentional_competition_task,2022.2.4,143.99884794680085,
positions.xlsx,positions_test.xlsx,positions_test_new.xlsx,stimuli.xlsx,stimuli_new.xlsx,stimuli/Social3.png,stimuli/Social4.png,stimuli/Nonsocial3.png,stimuli/Nonsocial4.png,stimuli/Social1.png,stimuli/Social2.png,stimuli/Nonsocial1.png,stimuli/Nonsocial2.png,,,"(-0.7, -0.5)",cs_pos_ns,"(-0.7, 0.5)",cs_neg_ns,"(0.7, -0.5)",cs_neg_s_new,"(0.7, 0.5)",cs_pos_s,0,0,0,0,,,,,,,,,,,,,,,,,,,,,,,,,,,,,0,45,45,16,,,,,,,,,,,,,,,,,,,,,,,,,,,,,,,,,,,,,,,,,,,,,,11,C,2024-04-19_11h15.57.675,attentional_competition_task,2022.2.4,143.99884794680085,
positions.xlsx,positions_test.xlsx,positions_test_new.xlsx,stimuli.xlsx,stimuli_new.xlsx,stimuli/Social3.png,stimuli/Social4.png,stimuli/Nonsocial3.png,stimuli/Nonsocial4.png,stimuli/Social1.png,stimuli/Social2.png,stimuli/Nonsocial1.png,stimuli/Nonsocial2.png,,,"(-0.7, -0.5)",cs_neg_s,"(-0.7, 0.5)",cs_pos_s,"(0.7, -0.5)",cs_neg_ns,"(0.7, 0.5)",cs_pos_ns_new,0,0,0,0,,,,,,,,,,,,,,,,,,,,,,,,,,,,,0,46,46,40,0,0,0,0,,,,,,,,,,,,,,,555,reward,,,,,,1653.1909459000453,1653.1909459000453,1653.1909459000453,1653.1909459000453,0,,,0,,,0,,,1,0.6141856997273862,0.6208684998564422,1653.815990100149,1653.815990100149,1653.815990100149,1653.815990100149,11,C,2024-04-19_11h15.57.675,attentional_competition_task,2022.2.4,143.99884794680085,
positions.xlsx,positions_test.xlsx,positions_test_new.xlsx,stimuli.xlsx,stimuli_new.xlsx,stimuli/Social3.png,stimuli/Social4.png,stimuli/Nonsocial3.png,stimuli/Nonsocial4.png,stimuli/Social1.png,stimuli/Social2.png,stimuli/Nonsocial1.png,stimuli/Nonsocial2.png,,,"(-0.7, -0.5)",cs_neg_s,"(-0.7, 0.5)",cs_pos_s,"(0.7, -0.5)",cs_neg_ns,"(0.7, 0.5)",cs_pos_ns_new,0,0,0,0,,,,,,,,,,,,,,,,,,,,,,,,,,,,,0,46,46,40,1,0,1,0,,,,,,,,,,,,,,,558,reward,,,,,,1654.3228712999262,1654.3228712999262,1654.3228712999262,1654.3228712999262,0,,,1,0.05091290036216378,0.05091820005327463,0,,,0,,,1654.3715630001388,1654.3715630001388,1654.3715630001388,1654.3715630001388,11,C,2024-04-19_11h15.57.675,attentional_competition_task,2022.2.4,143.99884794680085,
positions.xlsx,positions_test.xlsx,positions_test_new.xlsx,stimuli.xlsx,stimuli_new.xlsx,stimuli/Social3.png,stimuli/Social4.png,stimuli/Nonsocial3.png,stimuli/Nonsocial4.png,stimuli/Social1.png,stimuli/Social2.png,stimuli/Nonsocial1.png,stimuli/Nonsocial2.png,,,"(-0.7, -0.5)",cs_neg_s,"(-0.7, 0.5)",cs_pos_s,"(0.7, -0.5)",cs_neg_ns,"(0.7, 0.5)",cs_pos_ns_new,0,0,0,0,,,,,,,,,,,,,,,,,,,,,,,,,,,,,0,46,46,40,2,0,2,0,,,,,,,,,,,,,,,561,reward,,,,,,1654.871461499948,1654.871461499948,1654.871461499948,1654.871461499948,0,,,1,0.029851200059056282,0.3298261002637446,0,,,0,,,1655.7047696001828,1655.7047696001828,1655.7047696001828,1655.7047696001828,11,C,2024-04-19_11h15.57.675,attentional_competition_task,2022.2.4,143.99884794680085,
positions.xlsx,positions_test.xlsx,positions_test_new.xlsx,stimuli.xlsx,stimuli_new.xlsx,stimuli/Social3.png,stimuli/Social4.png,stimuli/Nonsocial3.png,stimuli/Nonsocial4.png,stimuli/Social1.png,stimuli/Social2.png,stimuli/Nonsocial1.png,stimuli/Nonsocial2.png,,,"(-0.7, -0.5)",cs_neg_s,"(-0.7, 0.5)",cs_pos_s,"(0.7, -0.5)",cs_neg_ns,"(0.7, 0.5)",cs_pos_ns_new,0,0,0,0,,,,,,,,,,,,,,,,,,,,,,,,,,,,,0,46,46,40,,,,,,,,,,,,,,,,,,,,,,,,,,,,,,,,,,,,,,,,,,,,,,11,C,2024-04-19_11h15.57.675,attentional_competition_task,2022.2.4,143.99884794680085,
positions.xlsx,positions_test.xlsx,positions_test_new.xlsx,stimuli.xlsx,stimuli_new.xlsx,stimuli/Social3.png,stimuli/Social4.png,stimuli/Nonsocial3.png,stimuli/Nonsocial4.png,stimuli/Social1.png,stimuli/Social2.png,stimuli/Nonsocial1.png,stimuli/Nonsocial2.png,,,"(-0.7, -0.5)",cs_neg_ns,"(-0.7, 0.5)",cs_neg_s_new,"(0.7, -0.5)",cs_pos_s,"(0.7, 0.5)",cs_pos_ns,0,0,0,0,,,,,,,,,,,,,,,,,,,,,,,,,,,,,0,47,47,13,0,0,0,0,,,,,,,,,,,,,,,564,reward,,,,,,1662.1350642000325,1662.1350642000325,1662.1350642000325,1662.1350642000325,0,,,0,,,1,0.6278869998641312,0.6278913002461195,0,,,1662.7669886001386,1662.7669886001386,1662.7669886001386,1662.7669886001386,11,C,2024-04-19_11h15.57.675,attentional_competition_task,2022.2.4,143.99884794680085,
positions.xlsx,positions_test.xlsx,positions_test_new.xlsx,stimuli.xlsx,stimuli_new.xlsx,stimuli/Social3.png,stimuli/Social4.png,stimuli/Nonsocial3.png,stimuli/Nonsocial4.png,stimuli/Social1.png,stimuli/Social2.png,stimuli/Nonsocial1.png,stimuli/Nonsocial2.png,,,"(-0.7, -0.5)",cs_neg_ns,"(-0.7, 0.5)",cs_neg_s_new,"(0.7, -0.5)",cs_pos_s,"(0.7, 0.5)",cs_pos_ns,0,0,0,0,,,,,,,,,,,,,,,,,,,,,,,,,,,,,0,47,47,13,1,0,1,0,,,,,,,,,,,,,,,567,reward,,,,,,1663.301678400021,1663.301678400021,1663.301678400021,1663.301678400021,0,,,0,,,0,,,1,0.030555299948900938,0.03056030021980405,1663.301678400021,1663.301678400021,1663.301678400021,1663.301678400021,11,C,2024-04-19_11h15.57.675,attentional_competition_task,2022.2.4,143.99884794680085,
positions.xlsx,positions_test.xlsx,positions_test_new.xlsx,stimuli.xlsx,stimuli_new.xlsx,stimuli/Social3.png,stimuli/Social4.png,stimuli/Nonsocial3.png,stimuli/Nonsocial4.png,stimuli/Social1.png,stimuli/Social2.png,stimuli/Nonsocial1.png,stimuli/Nonsocial2.png,,,"(-0.7, -0.5)",cs_neg_ns,"(-0.7, 0.5)",cs_neg_s_new,"(0.7, -0.5)",cs_pos_s,"(0.7, 0.5)",cs_pos_ns,0,0,0,0,,,,,,,,,,,,,,,,,,,,,,,,,,,,,0,47,47,13,2,0,2,0,,,,,,,,,,,,,,,570,reward,,,,,,1663.8086517001502,1663.8086517001502,1663.8086517001502,1663.8086517001502,0,,,0,,,0,,,0,,,1664.6488664001226,1664.6488664001226,1664.6488664001226,1664.6488664001226,11,C,2024-04-19_11h15.57.675,attentional_competition_task,2022.2.4,143.99884794680085,
positions.xlsx,positions_test.xlsx,positions_test_new.xlsx,stimuli.xlsx,stimuli_new.xlsx,stimuli/Social3.png,stimuli/Social4.png,stimuli/Nonsocial3.png,stimuli/Nonsocial4.png,stimuli/Social1.png,stimuli/Social2.png,stimuli/Nonsocial1.png,stimuli/Nonsocial2.png,,,"(-0.7, -0.5)",cs_neg_ns,"(-0.7, 0.5)",cs_neg_s_new,"(0.7, -0.5)",cs_pos_s,"(0.7, 0.5)",cs_pos_ns,0,0,0,0,,,,,,,,,,,,,,,,,,,,,,,,,,,,,0,47,47,13,,,,,,,,,,,,,,,,,,,,,,,,,,,,,,,,,,,,,,,,,,,,,,11,C,2024-04-19_11h15.57.675,attentional_competition_task,2022.2.4,143.99884794680085,
positions.xlsx,positions_test.xlsx,positions_test_new.xlsx,stimuli.xlsx,stimuli_new.xlsx,stimuli/Social3.png,stimuli/Social4.png,stimuli/Nonsocial3.png,stimuli/Nonsocial4.png,stimuli/Social1.png,stimuli/Social2.png,stimuli/Nonsocial1.png,stimuli/Nonsocial2.png,cs_neg_ns,,,,,,,,,,0,0,0,0,,,,,,,,,,,,,,,,,,,,,,,,,,,,,,,,,,,,,0,0,0,1,,,1668.2668039002456,2.0,3.247172299772501,,,,,,,,,,,,,,,,,,,,,,,,,,,,,,,,,11,C,2024-04-19_11h15.57.675,attentional_competition_task,2022.2.4,143.99884794680085,
positions.xlsx,positions_test.xlsx,positions_test_new.xlsx,stimuli.xlsx,stimuli_new.xlsx,stimuli/Social3.png,stimuli/Social4.png,stimuli/Nonsocial3.png,stimuli/Nonsocial4.png,stimuli/Social1.png,stimuli/Social2.png,stimuli/Nonsocial1.png,stimuli/Nonsocial2.png,cs_pos_ns,,,,,,,,,,0,0,0,0,,,,,,,,,,,,,,,,,,,,,,,,,,,,,,,,,,,,,0,1,1,3,,,1672.1694066002965,7.0,1.8821430997923017,,,,,,,,,,,,,,,,,,,,,,,,,,,,,,,,,11,C,2024-04-19_11h15.57.675,attentional_competition_task,2022.2.4,143.99884794680085,
positions.xlsx,positions_test.xlsx,positions_test_new.xlsx,stimuli.xlsx,stimuli_new.xlsx,stimuli/Social3.png,stimuli/Social4.png,stimuli/Nonsocial3.png,stimuli/Nonsocial4.png,stimuli/Social1.png,stimuli/Social2.png,stimuli/Nonsocial1.png,stimuli/Nonsocial2.png,cs_pos_s,,,,,,,,,,0,0,0,0,,,,,,,,,,,,,,,,,,,,,,,,,,,,,,,,,,,,,0,2,2,2,,,1674.3012792998925,7.0,1.8144335998222232,,,,,,,,,,,,,,,,,,,,,,,,,,,,,,,,,11,C,2024-04-19_11h15.57.675,attentional_competition_task,2022.2.4,143.99884794680085,
positions.xlsx,positions_test.xlsx,positions_test_new.xlsx,stimuli.xlsx,stimuli_new.xlsx,stimuli/Social3.png,stimuli/Social4.png,stimuli/Nonsocial3.png,stimuli/Nonsocial4.png,stimuli/Social1.png,stimuli/Social2.png,stimuli/Nonsocial1.png,stimuli/Nonsocial2.png,cs_pos_ns_new,,,,,,,,,,0,0,0,0,,,,,,,,,,,,,,,,,,,,,,,,,,,,,,,,,,,,,0,3,3,7,,,1676.3011731998995,5.0,1.9737549996934831,,,,,,,,,,,,,,,,,,,,,,,,,,,,,,,,,11,C,2024-04-19_11h15.57.675,attentional_competition_task,2022.2.4,143.99884794680085,
positions.xlsx,positions_test.xlsx,positions_test_new.xlsx,stimuli.xlsx,stimuli_new.xlsx,stimuli/Social3.png,stimuli/Social4.png,stimuli/Nonsocial3.png,stimuli/Nonsocial4.png,stimuli/Social1.png,stimuli/Social2.png,stimuli/Nonsocial1.png,stimuli/Nonsocial2.png,cs_pos_s_new,,,,,,,,,,0,0,0,0,,,,,,,,,,,,,,,,,,,,,,,,,,,,,,,,,,,,,0,4,4,6,,,1678.4886117000133,4.0,3.786887299735099,,,,,,,,,,,,,,,,,,,,,,,,,,,,,,,,,11,C,2024-04-19_11h15.57.675,attentional_competition_task,2022.2.4,143.99884794680085,
positions.xlsx,positions_test.xlsx,positions_test_new.xlsx,stimuli.xlsx,stimuli_new.xlsx,stimuli/Social3.png,stimuli/Social4.png,stimuli/Nonsocial3.png,stimuli/Nonsocial4.png,stimuli/Social1.png,stimuli/Social2.png,stimuli/Nonsocial1.png,stimuli/Nonsocial2.png,cs_neg_ns_new,,,,,,,,,,0,0,0,0,,,,,,,,,,,,,,,,,,,,,,,,,,,,,,,,,,,,,0,5,5,5,,,1682.4120738999918,1.0,1.4244498000480235,,,,,,,,,,,,,,,,,,,,,,,,,,,,,,,,,11,C,2024-04-19_11h15.57.675,attentional_competition_task,2022.2.4,143.99884794680085,
positions.xlsx,positions_test.xlsx,positions_test_new.xlsx,stimuli.xlsx,stimuli_new.xlsx,stimuli/Social3.png,stimuli/Social4.png,stimuli/Nonsocial3.png,stimuli/Nonsocial4.png,stimuli/Social1.png,stimuli/Social2.png,stimuli/Nonsocial1.png,stimuli/Nonsocial2.png,cs_neg_s,,,,,,,,,,0,0,0,0,,,,,,,,,,,,,,,,,,,,,,,,,,,,,,,,,,,,,0,6,6,0,,,1684.0578228002414,2.0,1.4186879000626504,,,,,,,,,,,,,,,,,,,,,,,,,,,,,,,,,11,C,2024-04-19_11h15.57.675,attentional_competition_task,2022.2.4,143.99884794680085,
positions.xlsx,positions_test.xlsx,positions_test_new.xlsx,stimuli.xlsx,stimuli_new.xlsx,stimuli/Social3.png,stimuli/Social4.png,stimuli/Nonsocial3.png,stimuli/Nonsocial4.png,stimuli/Social1.png,stimuli/Social2.png,stimuli/Nonsocial1.png,stimuli/Nonsocial2.png,cs_neg_s_new,,,,,,,,,,0,0,0,0,,,,,,,,,,,,,,,,,,,,,,,,,,,,,,,,,,,,,0,7,7,4,,,1685.7452304000035,2.0,2.043784700334072,,,,,,,,,,,,,,,,,,,,,,,,,,,,,,,,,11,C,2024-04-19_11h15.57.675,attentional_competition_task,2022.2.4,143.99884794680085,
